CheckpointID,SimulationID,Zone,Date,Year,DOY,StageName,Stage,SimSowDate,SimMatDate,SimHarvestDate,Rain,Radn,MaxT,MeanT,MinT,ThermalTime,AccEmTT,SoilTemp,PAWmm,NH4,NO3,Urea,OrganicC,Yieldkgha,FracGrowthRate,NutrientStress,TempStress,WaterStress,Result,SimulationName,ID
1,1,Field,2000-04-28 12:00:00,2000,119,,1,NA,NA,NA,0.6600000262260437,25.360000610351563,20.59000015258789,14.815000057220459,9.039999961853027,4.866494123357534,0,19.011972800281207,357.1948502063906,1.965303157170868,20.596234269184983,0,78942.01135992263,0,0,1,0.48150000572204593,1,NA,Simulation,34
1,1,Field,2000-04-29 12:00:00,2000,120,,1,NA,NA,NA,0.23999999463558197,29.440000534057617,20.110000610351563,12.24500036239624,4.380000114440918,3.647108109742402,0,18.480745208608923,352.5111785383376,1.8789464278747796,20.72307429543919,0,78941.23215242453,0,0,1,0.22450003623962403,1,NA,Simulation,34
1,1,Field,2000-04-30 12:00:00,2000,121,,1,NA,NA,NA,0.4000000059604645,22.690000534057617,26.489999771118164,16.47499990463257,6.460000038146973,7.010226024758817,0,17.829516320949477,348.65513421262386,1.8105665440370258,20.83975021006295,0,78941.79781915859,0,0,1,0.6474999904632569,1,NA,Simulation,34
1,1,Field,2000-05-01 12:00:00,2000,122,,1,NA,NA,NA,0.05999999865889549,25.09000015258789,25.030000686645508,18.000000476837158,10.970000267028809,8.000000476837158,0,17.480014132652094,346.9966709283713,1.7409409513925014,20.954473540050778,0,78938.5827795921,0,0,1,0.8000000476837159,1,NA,Simulation,34
1,1,Field,2000-05-02 12:00:00,2000,123,,1,NA,NA,NA,0,27.5,27.020000457763672,16.975000143051147,6.929999828338623,7.391678549975158,0,17.550309813867212,345.72214343059574,1.6857664601862372,21.056312610707188,0,78932.57188722074,0,0,1,0.6975000143051148,1,NA,Simulation,34
1,1,Field,2000-05-03 12:00:00,2000,124,,1,NA,NA,NA,0.009999999776482582,22.760000228881836,26.65999984741211,19.09999990463257,11.539999961853027,9.099999904632568,0,17.803475029023186,344.6459506142155,1.6376296825456522,21.161832935783252,0,78926.40519277783,0,0,1,0.9099999904632569,1,NA,Simulation,34
1,1,Field,2000-05-04 12:00:00,2000,125,,1,NA,NA,NA,0,26.780000686645508,29.549999237060547,21.774999618530273,14,11.774999618530277,0,18.181424044602593,343.69630257260445,1.595163015201954,21.277275040506087,0,78919.8576236694,0,0,1,1,1,NA,Simulation,34
1,1,Field,2000-05-05 12:00:00,2000,126,,1,NA,NA,NA,0,26.239999771118164,29.860000610351563,22.250000476837158,14.640000343322754,12.250000476837156,0,18.77101445525847,342.83654186965884,1.5579725339347572,21.405117026878436,0,78912.89481274241,0,0,1,1,1,NA,Simulation,34
1,1,Field,2000-05-06 12:00:00,2000,127,,1,NA,NA,NA,0.699999988079071,24.3799991607666,28.739999771118164,21.65499973297119,14.569999694824219,11.654999732971191,0,19.37147995277183,342.04503085325774,1.526092024538308,21.539507250451244,0,78905.87039799623,0,0,1,1,1,NA,Simulation,34
1,1,Field,2000-05-07 12:00:00,2000,128,,1,NA,NA,NA,5.699999809265137,20.850000381469727,30.799999237060547,23.699999809265137,16.600000381469727,13.559483832514289,0,19.77542467739232,343.2089106240504,1.5779197876665396,21.698142121366303,0,78922.15823183395,0,0,1,1,1,NA,Simulation,34
1,1,Field,2000-05-08 12:00:00,2000,129,,1,NA,NA,NA,1.8899999856948853,10.680000305175781,25.6299991607666,19.734999656677246,13.84000015258789,9.734999656677248,0,19.91676804860461,342.9252645330654,1.6124125757207268,21.86361799870809,0,78935.78128107695,0,0,1,0.9734999656677247,1,NA,Simulation,34
1,1,Field,2000-05-09 12:00:00,2000,130,,1,NA,NA,NA,2.7799999713897705,12.84000015258789,19.06999969482422,14.639999866485596,10.210000038146973,4.639999866485597,0,19.686278863276215,343.349265869179,1.6111326527129535,22.013569680935458,0,78940.25596868743,0,0,1,0.46399998664855957,1,NA,Simulation,34
1,1,Field,2000-05-10 12:00:00,2000,131,,1,NA,NA,NA,0.11999999731779099,13.720000267028809,25.170000076293945,16.625,8.079999923706055,6.806565891408921,0,19.14857262157174,341.28952259660457,1.614375174099124,22.156466790217358,0,78945.90861356824,0,0,1,0.6625000000000001,1,NA,Simulation,34
1,1,Field,2000-05-11 12:00:00,2000,132,,1,NA,NA,NA,1.840000033378601,19.6200008392334,35.119998931884766,24.374999523162842,13.630000114440918,11.405342758744956,0,18.839011437507374,340.5981948683112,1.6187156874969286,22.32806726358448,0,78952.84327783996,0,0,1,1,1,NA,Simulation,34
1,1,Field,2000-05-12 12:00:00,2000,133,,1,NA,NA,NA,0.5899999737739563,20.350000381469727,23.670000076293945,16.90500020980835,10.140000343322754,6.9050002098083505,0,19.09702958811472,339.9446252530329,1.5976036346884652,22.52013147209951,0,78953.4218984714,0,0,1,0.690500020980835,1,NA,Simulation,34
1,1,Field,2000-05-13 12:00:00,2000,134,,1,NA,NA,NA,0.3799999952316284,22.100000381469727,15.989999771118164,10.379999876022339,4.769999980926514,1.9363929053545,0,19.121937284897648,339.32335446323754,1.5690186680037028,22.683424960264514,0,78949.96795785538,0,0,1,0.03799998760223389,1,NA,Simulation,34
1,1,Field,2000-05-14 12:00:00,2000,135,,1,NA,NA,NA,0.20000000298023224,27.43000030517578,22.579999923706055,13.809999942779541,5.039999961853027,4.883440583795309,0,18.723406562483557,338.73011606641654,1.5434483257832161,22.83252760466855,0,78946.40409843888,0,0,1,0.3809999942779541,1,NA,Simulation,34
1,1,Field,2000-05-15 12:00:00,2000,136,,1,NA,NA,NA,1.7100000381469727,15.699999809265137,24.670000076293945,16.605000019073486,8.539999961853027,6.69182896066308,0,18.474417798724954,338.1614958060487,1.52019213315173,22.98314622662474,0,78942.65241270575,0,0,1,0.6605000019073487,1,NA,Simulation,34
1,1,Field,2000-05-16 12:00:00,2000,137,,1,NA,NA,NA,0.25999999046325684,25.489999771118164,27.799999237060547,18.72499942779541,9.649999618530273,8.72499942779541,0,18.373135258227652,337.6147084726613,1.4948387749302363,23.148028897926356,0,78937.92888107103,0,0,1,0.872499942779541,1,NA,Simulation,34
1,1,Field,2000-05-17 12:00:00,2000,138,,1,NA,NA,NA,2,9.699999809265137,28.290000915527344,23.08000087738037,17.8700008392334,13.080000877380371,0,18.657656109186597,337.4444406518423,1.470209973645924,23.329179028961,0,78932.95589103142,0,0,1,1,1,NA,Simulation,34
1,1,Field,2000-05-18 12:00:00,2000,139,,1,NA,NA,NA,12.989999771118164,7.809999942779541,18.030000686645508,12.5600004196167,7.090000152587891,3.160659713447094,0,18.81229842415184,349.0310261031013,1.4735860842014687,23.493342058648665,0,78934.11625944321,0,0,1,0.2560000419616699,1,NA,Simulation,34
1,1,Field,2000-05-19 12:00:00,2000,140,,1,NA,NA,NA,0.019999999552965164,26.290000915527344,19.829999923706055,12.464999914169312,5.099999904632568,3.6419515115767718,0,18.348886529498973,344.28462194112706,1.4751718404097751,23.627600247576602,0,78934.35715108838,0,0,1,0.24649999141693116,1,NA,Simulation,34
1,1,Field,2000-05-20 12:00:00,2000,141,,1,NA,NA,NA,0.10000000149011612,27.8799991607666,24.440000534057617,14.980000257492065,5.519999980926514,5.811556489840149,0,17.783146615817515,340.68729306577296,1.4756828781782756,23.75975716960057,0,78934.42736585902,0,0,1,0.49800002574920654,1,NA,Simulation,34
1,1,Field,2000-05-21 12:00:00,2000,142,,1,NA,NA,NA,1.75,25.049999237060547,27.809999465942383,19.854999542236328,11.899999618530273,9.854999542236328,0,17.58989245039144,340.0315578177439,1.4743651781406075,23.91659170836742,0,78934.5334266237,0,0,1,0.9854999542236329,1,NA,Simulation,34
1,1,Field,2000-05-22 12:00:00,2000,143,,1,NA,NA,NA,1.4500000476837158,23.15999984741211,30.6299991607666,23.339999198913574,16.049999237060547,13.267501137769223,0,17.949040589400955,339.4085289657898,1.4566092317124433,24.114741973819648,0,78931.52668599992,0,0,1,1,1,NA,Simulation,34
1,1,Field,2000-05-23 12:00:00,2000,144,,1,NA,NA,NA,0.07999999821186066,20.850000381469727,28.010000228881836,21.539999961853027,15.069999694824219,11.53999996185303,0,18.656353220365226,338.81375995585006,1.4295139777812866,24.342890016208855,0,78926.48366500779,0,0,1,1,1,NA,Simulation,34
1,1,Field,2000-05-24 12:00:00,2000,145,,1,NA,NA,NA,0.019999999552965164,22.969999313354492,28.440000534057617,20.96500015258789,13.489999771118164,10.965000152587889,0,19.325516015754367,338.243725586062,1.4050968773460095,24.581036306197458,0,78921.27891280409,0,0,1,1,1,NA,Simulation,34
1,1,Field,2000-05-25 12:00:00,2000,146,,1,NA,NA,NA,0.25,27.110000610351563,26.93000030517578,18.265000343322754,9.600000381469727,8.265000343322754,0,19.82996377486403,337.6955754306574,1.3862709716279469,24.81513438610105,0,78916.12541361754,0,0,1,0.8265000343322755,1,NA,Simulation,34
1,1,Field,2000-05-26 12:00:00,2000,147,,1,NA,NA,NA,20.209999084472656,6.78000020980835,16.56999969482422,15.299999713897705,14.029999732971191,5.299999713897705,0,20.026988326298024,356.41632597921176,1.4000412409808578,25.016214934427726,0,78918.9282271282,0,0,1,0.5299999713897705,1,NA,Simulation,34
1,1,Field,2000-05-27 12:00:00,2000,148,,1,NA,NA,NA,1.9500000476837158,6.610000133514404,21.510000228881836,16.954999923706055,12.399999618530273,6.9549999237060565,0,19.59151123284137,357.04328945751263,1.425374680958421,25.191437526087824,0,78923.37780385766,0,0,1,0.6954999923706056,1,NA,Simulation,34
1,1,Field,2000-05-28 12:00:00,2000,149,Germinating,1,2000-05-28,NA,NA,0.07999999821186066,13.260000228881836,23.600000381469727,17.085000038146973,10.569999694824219,7.085000038146973,0,19.089799249793415,354.4273196302941,80.6313466398444,33.72904274308672,132.4303810687607,78926.46700435242,0,0,1,0.7085000038146974,1,NA,Simulation,34
1,1,Field,2000-05-29 12:00:00,2000,150,Emerging,2.2441249966621397,NA,NA,NA,0.33000001311302185,21.170000076293945,29.59000015258789,19.764999866485596,9.9399995803833,9.764999866485597,0,18.750505457854633,350.1320190759818,123.05616071909701,44.84473814806255,79.06359410425225,78929.18786862784,0,0,1,0.9764999866485596,1,NA,Simulation,34
1,1,Field,2000-05-30 12:00:00,2000,151,Emerging,2.5700913015231492,NA,NA,NA,8.010000228881836,19.229999542236328,34.54999923706055,25.914999961853027,17.280000686645508,13.038652194440367,0,18.74372976043136,353.4339691561151,142.90780450993034,58.88259393627772,45.38057037362849,78934.6508939959,0,0,1,1,1,NA,Simulation,34
1,1,Field,2000-05-31 12:00:00,2000,152,Emerging,2.9535555295577645,NA,NA,NA,6.559999942779541,12.859999656677246,31.270000457763672,25.800000190734863,20.329999923706055,15.33856912138462,0,19.148294944375262,356.8705311453873,146.73473522342846,75.78197939306254,24.88385960892676,78938.71399557363,0,0,1,1,1,NA,Simulation,34
1,1,Field,2000-06-01 12:00:00,2000,153,Vegetative,3.0349735745657482,NA,NA,NA,1.059999942779541,15.739999771118164,32.72999954223633,25.34999942779541,17.969999313354492,10.085009405835589,10.085009405835589,19.63122497743575,354.09402499304383,140.72364323785834,93.53133127328765,13.382519755743099,78940.63088529184,0,1,1,1,1,NA,Simulation,34
1,1,Field,2000-06-02 12:00:00,2000,154,Vegetative,3.0571213340987122,NA,NA,NA,0,28.790000915527344,24.149999618530273,17.710000038146973,11.270000457763672,5.536939883240969,15.621949289076557,19.970077259046324,348.2533847675254,131.10669907151464,109.25318205097622,7.373441583689411,78939.22131680322,0,0.7710000038146974,1,0.7710000038146974,0.9999999999999998,NA,Simulation,34
1,1,Field,2000-06-03 12:00:00,2000,155,Vegetative,3.082723955600774,NA,NA,NA,0.33000001311302185,27.020000457763672,27.979999542236328,18.959999561309814,9.9399995803833,6.400655375515532,22.022604664592087,19.910497797506636,346.5642753864485,120.6005112605503,123.02406980008973,4.164545484651504,78936.72128669315,0,0.8959999561309815,1,0.8959999561309815,1,NA,Simulation,34
1,1,Field,2000-06-04 12:00:00,2000,156,Vegetative,3.1000103515013993,NA,NA,NA,12.630000114440918,8.989999771118164,21.5,16.079999923706055,10.65999984741211,4.321598975156259,26.344203639748347,19.87343174637043,357.2807964929298,110.12399274876894,135.42163798148198,2.3935324237330984,78936.89570495482,0,0.6079999923706055,1,0.6079999923706055,1,NA,Simulation,34
1,1,Field,2000-06-05 12:00:00,2000,157,Vegetative,3.115899551380426,NA,NA,NA,0.9900000095367432,21.549999237060547,21.190000534057617,15.615000247955322,10.039999961853027,3.972299969756599,30.316503609504945,19.495742933625877,354.00110198665703,101.08144367793791,145.52805515327654,1.4272168450260485,78936.34143552593,0,0.5615000247955323,1,0.5615000247955323,0.9999999999999998,NA,Simulation,34
1,1,Field,2000-06-06 12:00:00,2000,158,Vegetative,3.138578860419436,NA,NA,NA,0.009999999776482582,28.549999237060547,25.8700008392334,18.050000190734863,10.229999542236328,5.6698272597525685,35.986330869257515,19.074189097642932,348.0168743208461,92.50521793814335,154.70892978561653,0.8588393293049538,78935.36512425193,0,0.8050000190734864,1,0.8050000190734864,0.9999999999999999,NA,Simulation,34
1,1,Field,2000-06-07 12:00:00,2000,159,Vegetative,3.169660050238995,NA,NA,NA,0.8199999928474426,21.59000015258789,31.489999771118164,21.40999984741211,11.329999923706055,7.770297454889734,43.75662832414725,18.88551780646819,346.28631701115887,83.11273397284612,164.4703423816895,0.5026539900556668,78933.52615174023,0,1,1,1,1,NA,Simulation,34
1,1,Field,2000-06-08 12:00:00,2000,160,Vegetative,3.2040673524791496,NA,NA,NA,0.38999998569488525,29.09000015258789,35.880001068115234,26.485000610351563,17.09000015258789,8.60182556003862,52.35845388418587,19.22151317956099,344.78752434217733,71.16301883182925,176.6707097231313,0.2716273037329569,78929.05119359269,0,1,1,1,1,NA,Simulation,34
1,1,Field,2000-06-09 12:00:00,2000,161,Vegetative,3.2401233443816864,NA,NA,NA,0.9200000166893005,28.780000686645508,33.290000915527344,24.635000228881836,15.979999542236328,9.013997975634254,61.372451859820124,20.097804109648447,343.3168412460563,58.028574109728424,189.98355126807158,0.1379202406151634,78923.96125464993,0,1,1,1,1,NA,Simulation,34
1,1,Field,2000-06-10 12:00:00,2000,162,Vegetative,3.2831479500776766,NA,NA,NA,6.960000038146973,15.850000381469727,28.559999465942383,25.494999885559082,22.43000030517578,10.756151423997554,72.12860328381768,20.897230843237427,346.2085883812738,46.75665255131981,201.4127550565623,0.07035085698043965,78924.30529909815,0,1,1,1,1,NA,Simulation,34
1,1,Field,2000-06-11 12:00:00,2000,163,Vegetative,3.3208876872465756,NA,NA,NA,7.269999980926514,21.780000686645508,27.34000015258789,23.630000114440918,19.920000076293945,9.434934292224687,81.56353757604236,21.259915856117455,348.45297387802253,37.805339809185995,210.47357297662694,0.036767151305131064,78924.32441000712,0,1,1,1,0.9999999999999999,NA,Simulation,34
1,1,Field,2000-06-12 12:00:00,2000,164,Vegetative,3.355509649602838,NA,NA,NA,2.990000009536743,13.520000457763672,26.670000076293945,22.53499984741211,18.399999618530273,8.655490589065645,90.21902816510801,21.358221617420977,348.2846693582348,30.776321851422058,217.5983924545363,0.019674383373792213,78924.08909800455,0,1,1,1,1,NA,Simulation,34
1,1,Field,2000-06-13 12:00:00,2000,165,Vegetative,3.3925796486107265,NA,NA,NA,26.639999389648438,9.170000076293945,26.450000762939453,23.450000762939453,20.450000762939453,9.26749975197215,99.48652791708017,21.298672946305715,369.1522795656652,28.710155081655422,218.12251033812493,0.010703683803491683,78924.66957402698,0,1,1,1,0.9999999999999998,NA,Simulation,34
1,1,Field,2000-06-14 12:00:00,2000,166,Vegetative,3.417711935842812,NA,NA,NA,3.609999895095825,15.020000457763672,23.5,19.135000228881836,14.770000457763672,6.28307180802127,105.76959972510144,21.174236253676426,369.5659305131562,24.174999004535103,221.64234288968274,0.005926450244583979,78924.44015511175,0,0.9135000228881837,1,0.9135000228881837,1,NA,Simulation,34
1,1,Field,2000-06-15 12:00:00,2000,167,Vegetative,3.4468190587563106,NA,NA,NA,1.0700000524520874,16.290000915527344,29.81999969482422,20.59499979019165,11.369999885559082,7.27678072837467,113.04638045347612,20.924053955986604,366.94722332050645,20.11673780333022,225.4624911988688,0.00334986962865432,78923.48851438367,0,1,1,1,1,NA,Simulation,34
1,1,Field,2000-06-16 12:00:00,2000,168,Vegetative,3.4672363902684427,NA,NA,NA,3.1600000858306885,23.200000762939453,23.489999771118164,17.44000005722046,11.390000343322754,5.104332878033047,118.15071333150917,20.680973480803562,365.0518902730447,16.858281463494063,228.70060793794678,0.00191864977947377,78921.52445115757,0,0.7440000057220459,1,0.7440000057220459,1,NA,Simulation,34
1,1,Field,2000-06-17 12:00:00,2000,169,Vegetative,3.4835430198048414,NA,NA,NA,2.359999895095825,17.530000686645508,23.260000228881836,15.785000324249268,8.3100004196167,4.076657384099675,122.22737071560884,20.32753882690175,363.68120060170645,14.40935169743188,231.17622129477854,0.001128130397682637,78919.31801153919,0,0.5785000324249268,1,0.5785000324249268,1,NA,Simulation,34
1,1,Field,2000-06-18 12:00:00,2000,170,Vegetative,3.5074464205178537,NA,NA,NA,0,29.280000686645508,26.850000381469727,18.72000026702881,10.59000015258789,5.97585017825305,128.2032208938619,19.920985702488082,359.2652073347931,12.327184365903783,233.19047754768067,6.657126908828505e-4,78916.90184025848,0,0.8720000267028809,1,0.8720000267028809,0.9999999999999999,NA,Simulation,34
1,1,Field,2000-06-19 12:00:00,2000,171,Vegetative,3.5379417652324148,NA,NA,NA,9.0600004196167,26.06999969482422,30.170000076293945,21.125,12.079999923706055,7.623836178640285,135.82705707250219,19.76543026766336,362.3021863860007,10.449752652325493,234.95659034501944,3.889525281399353e-4,78915.86555080832,0,1,1,1,1,NA,Simulation,34
1,1,Field,2000-06-20 12:00:00,2000,172,Vegetative,3.574781469806422,NA,NA,NA,3.0199999809265137,24.1200008392334,29.469999313354492,23.434999465942383,17.399999618530273,9.209926143501837,145.03698321600402,19.780008591849942,359.2526492931875,8.74751304700236,236.55098158976398,2.2397511938031304e-4,78914.15372181348,0,1,1,1,1,NA,Simulation,34
1,1,Field,2000-06-21 12:00:00,2000,173,Vegetative,3.604018365702844,NA,NA,NA,0,29.489999771118164,27.75,20.65500020980835,13.5600004196167,7.309223974105486,152.3462071901095,19.959966145575468,355.1637017287231,7.224602331354872,237.97880711465817,1.268455302378901e-4,78911.43605252581,0,1,1,1,1,NA,Simulation,34
1,1,Field,2000-06-22 12:00:00,2000,174,Vegetative,3.6384348522780727,NA,NA,NA,0.07000000029802322,31.639999389648438,31.420000076293945,22.869999885559082,14.319999694824219,8.604121643807149,160.95032883391667,20.271656449829635,352.8660979630076,5.850185925302579,239.22180889895955,7.012443903951268e-5,78907.70840068292,0,1,1,1,0.9999999999999999,NA,Simulation,34
1,1,Field,2000-06-23 12:00:00,2000,175,Vegetative,3.6736570580956,NA,NA,NA,6.460000038146973,18.790000915527344,28.649999618530273,22.804999351501465,16.959999084472656,8.805551454381854,169.75588028829853,20.76426830811036,354.19116746723586,4.7432707709381905,240.28822084914825,3.843523484850459e-5,78905.29616058098,0,1,1,1,0.9999999999999998,NA,Simulation,34
1,1,Field,2000-06-24 12:00:00,2000,176,Vegetative,3.7106629551894286,NA,NA,NA,4.070000171661377,17.850000381469727,27.780000686645508,23.43000030517578,19.079999923706055,9.25147427345714,179.00735456175568,20.992695539937166,353.6404287398174,3.9395872518070587,241.05332382889173,2.132893202231401e-5,78902.83036630623,0,1,1,1,1,NA,Simulation,34
1,1,Field,2000-06-25 12:00:00,2000,177,Vegetative,3.7492253624126137,NA,NA,NA,11.430000305175781,13.220000267028809,30.65999984741211,24.0649995803833,17.469999313354492,9.640601805796273,188.64795636755196,21.104383900708953,361.477893108923,3.324059031586479,241.64575722231652,1.1894538532147707e-5,78900.22964302893,0,1,1,1,1,NA,Simulation,34
1,1,Field,2000-06-26 12:00:00,2000,178,Vegetative,3.78097391421451,NA,NA,NA,3.7200000286102295,28.65999984741211,26.760000228881836,21.47000026702881,16.18000030517578,7.937137950474034,196.585094318026,21.156611489664094,358.493974499106,2.8591423956909425,241.94060226911722,6.682046046124416e-6,78897.41538724859,0,1,1,1,0.9999999999999998,NA,Simulation,34
1,1,Field,2000-06-27 12:00:00,2000,179,Vegetative,3.8084805979000267,NA,NA,NA,0.46000000834465027,28.420000076293945,26.75,19.90999984741211,13.069999694824219,6.8766709213792305,203.46176523940522,21.068352673131095,352.47790625149224,2.531045977093814,242.0426035279742,3.822705656966543e-6,78894.39213288884,0,0.990999984741211,1,0.990999984741211,1,NA,Simulation,34
1,1,Field,2000-06-28 12:00:00,2000,180,Vegetative,3.834235218669029,NA,NA,NA,7.880000114440918,19.139999389648438,24.020000457763672,19.25,14.479999542236328,6.438655192250544,209.90042043165576,20.85218938001146,355.6947208822696,2.292271315748849,242.11182441646417,2.219666497326504e-6,78891.86985199297,0,0.925,1,0.925,1,NA,Simulation,34
1,1,Field,2000-06-29 12:00:00,2000,181,Vegetative,3.8610283344205802,NA,NA,NA,0.009999999776482582,27.510000228881836,27.229999542236328,19.589999675750732,11.949999809265137,6.69827893788774,216.5986993695435,20.567649327623123,349.698495877515,2.107248017133194,242.0100159768438,1.301326872436431e-6,78889.13774928333,0,0.9589999675750733,1,0.9589999675750733,1,NA,Simulation,34
1,1,Field,2000-06-30 12:00:00,2000,182,Vegetative,3.8926476258712435,NA,NA,NA,0.14000000059604645,27.34000015258789,28.34000015258789,21.27500009536743,14.210000038146973,7.904822862665904,224.5035222322094,20.41125339282053,346.75237289642035,1.941805124711044,241.80723007578143,7.57224485663048e-7,78886.00986769855,0,1,1,1,0.9999999999999999,NA,Simulation,34
1,1,Field,2000-07-01 12:00:00,2000,183,Vegetative,3.9288279809368603,NA,NA,NA,0.029999999329447746,27.260000228881836,30.5,22.864999771118164,15.229999542236328,9.045088766404193,233.5486109986136,20.61215316937499,344.2823559822271,1.7792375951488268,241.57944041404375,4.309813074334106e-7,78882.25606109772,0,1,1,1,1,NA,Simulation,34
1,1,Field,2000-07-02 12:00:00,2000,184,Vegetative,3.9691189989734026,NA,NA,NA,11.010000228881836,15.510000228881836,33.95000076293945,26.84500026702881,19.739999771118164,10.072754509135564,243.62136550774918,21.054026052781314,350.67845562897367,1.6419311210070682,241.43492514119544,2.4261312030167625e-7,78879.03693986591,0,1,1,1,1,NA,Simulation,34
1,1,Field,2000-07-03 12:00:00,2000,185,EarlyFlowering,4.014169198299594,NA,NA,NA,2.2699999809265137,13.8100004196167,30.270000457763672,25.755000114440918,21.239999771118164,11.19170384004992,254.8130693477991,21.45743097122341,348.904494743755,1.5342855292174524,241.2776285749171,1.364231928374155e-7,78875.62800066183,0,1,1,1,0.9999999999999999,NA,Simulation,34
1,1,Field,2000-07-04 12:00:00,2000,186,EarlyFlowering,4.056318467214185,NA,NA,NA,7.5,12.40999984741211,27.420000076293945,24.46500015258789,21.510000228881836,10.326570884074592,265.13964023187367,21.730861890934033,353.1561618414696,1.4567971176301744,241.14836344750472,7.726245205505414e-8,78872.22235314191,0,1,1,1,1,NA,Simulation,34
1,1,Field,2000-07-05 12:00:00,2000,187,EarlyFlowering,4.102773831248123,NA,NA,NA,10.899999618530273,16.350000381469727,30.280000686645508,25.86500072479248,21.450000762939453,11.381564188314815,276.5212044201885,21.858031439542312,360.1287462991738,1.372695276929801,240.3120466583831,4.405867231737681e-8,78869.16044503161,0,1,1,1,1,NA,Simulation,34
1,1,Field,2000-07-06 12:00:00,2000,188,EarlyFlowering,4.14745875551459,NA,NA,NA,2.9200000762939453,25.489999771118164,31.489999771118164,25.774999618530273,20.059999465942383,10.947806445284437,287.4690108654729,21.994020130318013,357.1130929919807,1.3312825125816055,239.86477717868038,2.520781249804889e-8,78865.5757374606,0,1,1,1,1,NA,Simulation,34
1,1,Field,2000-07-07 12:00:00,2000,189,EarlyFlowering,4.193242592016147,NA,NA,NA,1.4600000381469727,20.93000030517578,32.040000915527344,26.485000610351563,20.93000030517578,11.217039942881614,298.68605080835454,22.152336642656653,353.05302422092626,1.2988302464918424,239.45338463550127,1.447426385390996e-8,78861.82054134014,0,1,1,1,0.9999999999999999,NA,Simulation,34
1,1,Field,2000-07-08 12:00:00,2000,190,EarlyFlowering,4.237822993115428,NA,NA,NA,1.5499999523162842,28.06999969482422,34.25,28.15499973297119,22.059999465942383,10.922198269323797,309.60824907767835,22.351010918205,348.78462991414585,1.268060696216468,238.96438374394933,8.30851975731331e-9,78857.76843060163,0,1,1,1,1,NA,Simulation,34
1,1,Field,2000-07-09 12:00:00,2000,191,EarlyFlowering,4.2847380475967904,NA,NA,NA,12.1899995803833,18.290000915527344,33.84000015258789,28.600000381469727,23.360000610351563,11.494188347933749,321.1024374256121,22.69796812094021,355.5111247203421,1.239047396330462,238.5833385037524,4.774222259295277e-9,78853.77946343702,0,1,1,1,1,NA,Simulation,34
1,1,Field,2000-07-10 12:00:00,2000,192,EarlyFlowering,4.335257603114373,NA,NA,NA,8.609999656677246,20.309999465942383,31.020000457763672,27.15000057220459,23.280000686645508,12.37729110180776,333.47972852741987,23.001518754941596,358.8380287800798,1.1944656923019727,237.70877262317492,2.761042819956536e-9,78850.0847805386,0,1,1,1,0.9999999999999997,NA,Simulation,34
1,1,Field,2000-07-11 12:00:00,2000,193,EarlyFlowering,4.380824440536859,NA,NA,NA,2.819999933242798,17.479999542236328,29.25,24.989999771118164,20.729999542236328,11.16387516850906,344.6436036959289,23.171408059389005,357.31079632944244,1.1839695362082854,237.26092876371956,1.6121711075768284e-9,78846.20002489223,0,1,1,1,0.9999999999999998,NA,Simulation,34
1,1,Field,2000-07-12 12:00:00,2000,194,EarlyFlowering,4.426175981702859,NA,NA,NA,0.9399999976158142,21.200000762939453,29.65999984741211,24.8149995803833,19.969999313354492,11.11112758567005,355.75473128159894,23.16464467092271,353.36036798754907,1.1811290317135386,236.78347159684554,9.50620077201721e-10,78842.35619778807,0,1,1,1,0.9999999999999999,NA,Simulation,34
1,1,Field,2000-07-13 12:00:00,2000,195,EarlyFlowering,4.467536476570589,NA,NA,NA,0,29.8700008392334,34.36000061035156,26.200000762939453,18.040000915527344,10.133321242593844,365.8880525241928,23.09702867367894,347.7564846379731,1.179261923256746,236.18343667056826,5.644606134751448e-10,78838.39799734589,0,1,1,1,1,NA,Simulation,34
1,1,Field,2000-07-14 12:00:00,2000,196,EarlyFlowering,4.510303202109402,NA,NA,NA,0.5099999904632568,29.280000686645508,33.36000061035156,25.59000015258789,17.81999969482422,10.477847757009162,376.36590028120196,23.16267541224749,342.4195339698469,1.1735061482271394,235.55377844792372,3.3665085522490255e-10,78834.29206851119,0,1,1,1,1,NA,Simulation,34
1,1,Field,2000-07-15 12:00:00,2000,197,EarlyFlowering,4.556858466561287,NA,NA,NA,1.7899999618530273,22.579999923706055,31.940000534057617,25.77500057220459,19.610000610351563,11.40603979071178,387.7719400719137,23.285564288529084,338.19852702641657,1.1679034567079793,235.0401468543269,2.0185781542814186e-10,78830.18366499389,0,1,1,1,0.9999999999999998,NA,Simulation,34
1,1,Field,2000-07-16 12:00:00,2000,198,EarlyFlowering,4.602053381997282,NA,NA,NA,12.760000228881836,21.81999969482422,30.440000534057617,24.355000495910645,18.270000457763672,11.072754281819002,398.84469435373273,23.31768838214003,345.30566568975297,1.1666651663318193,234.5667422075995,1.2187402442654934e-10,78826.43836330918,0,1,1,1,1,NA,Simulation,34
1,1,Field,2000-07-17 12:00:00,2000,199,EarlyFlowering,4.644186400430057,NA,NA,NA,0.009999999776482582,27.219999313354492,28.1299991607666,23.25,18.3700008392334,10.322589516029531,409.1672838697623,23.202462556455405,339.03649264808314,1.1685396752012007,233.97512313686002,7.412658244559547e-11,78822.81023993534,0,1,1,1,1,NA,Simulation,34
1,1,Field,2000-07-18 12:00:00,2000,200,EarlyFlowering,4.670570415744935,NA,NA,NA,4.590000152587891,9.149999618530273,22.850000381469727,18.230000019073486,13.609999656677246,6.464083752145441,415.6313676219077,22.942591230620298,340.4151014225528,1.1758888671233363,233.83519973417086,4.546937504911755e-11,78819.54811831364,0,0.8230000019073487,1,0.8230000019073487,1,NA,Simulation,34
1,1,Field,2000-07-19 12:00:00,2000,201,EarlyFlowering,4.698434847198651,NA,NA,NA,0.8799999952316284,12.979999542236328,23.450000762939453,18.62000036239624,13.789999961853027,6.82678570616017,422.4581533280679,22.382339479460864,338.5557969033309,1.1860355658923336,233.66780112595572,2.814886249735508e-11,78816.61881626325,0,0.8620000362396241,1,0.8620000362396241,1,NA,Simulation,34
1,1,Field,2000-07-20 12:00:00,2000,202,EarlyFlowering,4.7300724665432945,NA,NA,NA,0.3700000047683716,19.440000534057617,26.610000610351563,19.705000400543213,12.800000190734863,7.751216739437834,430.20937006750574,21.825605358184475,335.0968411961762,1.1948946499880106,233.28029585088348,1.7558313937050694e-11,78813.81057327153,0,0.9705000400543213,1,0.9705000400543213,1,NA,Simulation,34
1,1,Field,2000-07-21 12:00:00,2000,203,EarlyFlowering,4.75772463148011,NA,NA,NA,0.25999999046325684,26.610000610351563,25.450000762939453,18.410000324249268,11.369999885559082,6.774780409519687,436.9841504770254,21.409951477033122,329.8658644181549,1.2022572319240254,232.78561413291646,1.1025279025195563e-11,78811.06191688262,0,0.8410000324249268,1,0.8410000324249268,0.9999999999999998,NA,Simulation,34
1,1,Field,2000-07-22 12:00:00,2000,204,EarlyFlowering,4.790975123839434,NA,NA,NA,0.23999999463558197,25.760000228881836,27.110000610351563,20.02500009536743,12.9399995803833,8.146370628034576,445.13052110506,21.077154557606672,326.1194237241109,1.207358298663715,232.17302850112134,6.963148266973854e-12,78808.3324533323,0,1,1,1,1,NA,Simulation,34
1,1,Field,2000-07-23 12:00:00,2000,205,EarlyFlowering,4.829941109204718,NA,NA,NA,0.18000000715255737,24.530000686645508,28.860000610351563,21.645000457763672,14.430000305175781,9.546666414494545,454.67718751955454,21.017213161670888,322.7281980714071,1.2071831925368364,231.5777359334738,4.4150170763464766e-12,78805.42570326314,0,1,1,1,1,NA,Simulation,34
1,1,Field,2000-07-24 12:00:00,2000,206,EarlyFlowering,4.87488213407323,NA,NA,NA,0.3700000047683716,21.56999969482422,30.520000457763672,23.34500026702881,16.170000076293945,11.0105510927855,465.68773861234,21.199456539959098,319.17849412475744,1.2017709482924033,231.06897394243438,2.8080124064999986e-12,78802.33292856533,0,1,1,1,0.9999999999999998,NA,Simulation,34
1,1,Field,2000-07-25 12:00:00,2000,207,EarlyFlowering,4.918677088715352,NA,NA,NA,10.6899995803833,21.059999465942383,29.34000015258789,22.855000495910645,16.3700008392334,10.729763887319672,476.4175024996597,21.462597738811382,324.28866463362993,1.1962477019830122,230.60369174073773,1.7916926739747219e-12,78799.3527580616,0,1,1,1,0.9999999999999998,NA,Simulation,34
1,1,Field,2000-07-26 12:00:00,2000,208,EarlyFlowering,4.967604726043612,NA,NA,NA,8.329999923706055,18.65999984741211,30.850000381469727,24.40499973297119,17.959999084472656,11.98727114542366,488.40477364508337,21.585870323404247,327.53320954051554,1.1917792053706375,230.18661036536008,1.1472752681837983e-12,78796.40957190262,0,1,1,1,0.9999999999999998,NA,Simulation,34
1,1,Field,2000-07-27 12:00:00,2000,209,EarlyPodDevelopment,5.02045196502744,NA,NA,NA,0.8799999952316284,26.639999389648438,30.770000457763672,23.699999809265137,16.6299991607666,11.536387964144517,499.9411616092279,21.683417833192017,322.2182712921725,1.1867900004591796,229.76017250658478,7.37071790560627e-13,78793.43281377696,0,1,1,1,1,NA,Simulation,34
1,1,Field,2000-07-28 12:00:00,2000,210,EarlyPodDevelopment,5.089853801957335,NA,NA,NA,0.30000001192092896,23.549999237060547,30.059999465942383,24.234999656677246,18.40999984741211,12.21472329966166,512.1558849088896,21.759968525998765,316.20621926398445,1.1821329281656832,228.75504093435484,4.750986649199298e-13,78790.46879606119,0,1,1,1,1,NA,Simulation,34
1,1,Field,2000-07-29 12:00:00,2000,211,EarlyPodDevelopment,5.151272019438607,NA,NA,NA,3.819999933242798,16.510000228881836,26.93000030517578,22.480000495910645,18.030000686645508,10.80960627670374,522.9654911855934,21.822158208256294,315.2328951453146,1.178409158897129,227.90937028367605,3.072341918056898e-13,78787.56663950178,0,1,1,1,0.9999999999999998,NA,Simulation,34
1,1,Field,2000-07-30 12:00:00,2000,212,EarlyPodDevelopment,5.214042414537735,NA,NA,NA,1.75,23.600000381469727,28.040000915527344,22.635000228881836,17.229999542236328,11.047589537446566,534.0130807230399,21.77688020018609,312.0461603209898,1.1763748594982528,227.1306406674619,1.9936184945013e-13,78784.74639744795,0,1,1,1,0.9999999999999998,NA,Simulation,34
1,1,Field,2000-07-31 12:00:00,2000,213,EarlyPodDevelopment,5.2838228362181985,NA,NA,NA,1.2000000476837158,25.780000686645508,31.34000015258789,24.28499984741211,17.229999542236328,12.281354215761617,546.2944349388016,21.720670973036025,307.24818073572686,1.1738189717810372,226.10965440229572,1.2979366646657049e-13,78781.93958478601,0,1,1,1,1,NA,Simulation,34
1,1,Field,2000-08-01 12:00:00,2000,214,EarlyPodDevelopment,5.355488228451686,NA,NA,NA,0.7599999904632568,24.649999618530273,33.36000061035156,26.030000686645508,18.700000762939453,12.61310903309382,558.9075439718954,21.80504091367679,302.3610409494549,1.1667794012835784,225.09475048722942,8.474899316071925e-14,78778.98598812215,0,1,1,1,0.9999999999999999,NA,Simulation,34
1,1,Field,2000-08-02 12:00:00,2000,215,EarlyPodDevelopment,5.429139245261282,NA,NA,NA,3.190000057220459,26.049999237060547,30.670000076293945,24.520000457763672,18.3700008392334,12.96257895848889,571.8701229303842,22.060429872537362,298.63063577445615,1.1582697998304727,224.08677917954657,5.548275225922507e-14,78775.97059539265,0,1,1,1,1,NA,Simulation,34
1,1,Field,2000-08-03 12:00:00,2000,216,EarlyPodDevelopment,5.49187899725928,NA,NA,NA,1.8600000143051147,20.399999618530273,28.969999313354492,22.15499973297119,15.34000015258789,11.042196351647737,582.912319282032,22.148962816773587,294.8698097005009,1.1551734561261768,223.10080834008767,3.642499033173042e-14,78773.13964355465,0,1,1,1,1,NA,Simulation,34
1,1,Field,2000-08-04 12:00:00,2000,217,EarlyPodDevelopment,5.564551266249272,NA,NA,NA,0.4300000071525574,24.3700008392334,31.59000015258789,24.5,17.40999984741211,12.79031934223849,595.7026386242704,22.093271601873603,291.18916285244376,1.1414087288574994,222.12647522460188,2.3981125523857645e-14,78770.4162362748,0,1,1,1,0.9999999999999999,NA,Simulation,34
1,1,Field,2000-08-05 12:00:00,2000,218,EarlyPodDevelopment,5.6420171992928,NA,NA,NA,6.980000019073486,13.420000076293945,31.110000610351563,25.005000114440918,18.899999618530273,13.634004215660962,609.3366428399314,22.256909999826913,293.1924941170515,1.1372994407917394,221.13693631515275,1.582899531066835e-14,78767.54590040444,0,1,1,1,1,NA,Simulation,34
1,1,Field,2000-08-06 12:00:00,2000,219,EarlyPodDevelopment,5.721116204152643,NA,NA,NA,0.28999999165534973,20.079999923706055,31.8799991607666,25.744999885559082,19.610000610351563,13.921424855332312,623.2580676952638,22.379265899526,288.46786079237506,1.1326771251663592,220.34350764181082,1.0474401620022534e-14,78764.64722193764,0,1,1,1,0.9999999999999999,NA,Simulation,34
1,1,Field,2000-08-07 12:00:00,2000,220,EarlyPodDevelopment,5.787294968512653,NA,NA,NA,2.4100000858306885,25.520000457763672,36.25,26.949999809265137,17.649999618530273,11.647462527361803,634.9055302226255,22.509731347575286,284.2629987383347,1.117062717876709,219.44739114983406,6.94792284219129e-15,78761.84589997945,0,1,1,1,0.9999999999999998,NA,Simulation,34
1,1,Field,2000-08-08 12:00:00,2000,221,EarlyPodDevelopment,5.869454904071119,NA,NA,NA,10.550000190734863,20.110000610351563,33.36000061035156,27.395000457763672,21.43000030517578,14.460148658289963,649.3656788809155,22.71946569010667,287.77763277629657,1.1121437686588385,218.43305359505538,4.619193309351361e-15,78758.85502635807,0,1,1,1,1,NA,Simulation,34
1,1,Field,2000-08-09 12:00:00,2000,222,EarlyPodDevelopment,5.95168729301176,NA,NA,NA,0.05999999865889549,27.139999389648438,32.2400016784668,26.165000915527344,20.09000015258789,14.472900453552846,663.8385793344684,22.922094831780985,281.2151707963257,1.1065213359291455,217.43914676043855,3.0776469485233545e-15,78755.83078867591,0,1,1,1,0.9999999999999999,NA,Simulation,34
1,1,Field,2000-08-10 12:00:00,2000,223,EarlyGrainFilling,6.67033093179627,NA,NA,NA,1.590000033378601,25.790000915527344,32.970001220703125,26.265000343322754,19.559999465942383,14.234365896788342,678.0729452312567,23.039988967956237,275.98228847646317,1.0947664265723707,216.41311128102348,2.0549383212672283e-15,78752.98381156081,68.59459536901896,1,1,1,1,NA,Simulation,34
1,1,Field,2000-08-11 12:00:00,2000,224,MidGrainFilling,7.129943583791413,NA,NA,NA,1.6699999570846558,24.65999984741211,33.61000061035156,25.610000610351563,17.610000610351563,13.373338126599425,691.446283357856,23.085683412444656,270.8840787991812,1.0663189051480515,215.36851802943926,1.375005900477962e-15,78750.44486855746,136.63957476715365,1,1,1,0.9999999999999997,NA,Simulation,34
1,1,Field,2000-08-12 12:00:00,2000,225,MidGrainFilling,7.300486027190292,NA,NA,NA,18.059999465942383,22.549999237060547,33.45000076293945,25.890000343322754,18.329999923706055,13.85230996507396,705.29859332293,23.09034103657631,282.1700018981339,1.0753299107837373,214.33878133211599,9.220134563598622e-16,78747.58811038542,210.6823303758083,1,1,1,1,NA,Simulation,34
1,1,Field,2000-08-13 12:00:00,2000,226,MidGrainFilling,7.486508579796911,NA,NA,NA,6.389999866485596,20.350000381469727,30.770000457763672,25.27500057220459,19.780000686645508,15.109681835472582,720.4082751584025,23.094432027646516,282.3328067574235,1.08358150424158,213.32914571627447,6.19570090432381e-16,78744.7483386539,294.93539730505694,1,1,1,1,NA,Simulation,34
1,1,Field,2000-08-14 12:00:00,2000,227,MidGrainFilling,7.660739442326639,NA,NA,NA,0.9900000095367432,24.780000686645508,35.119998931884766,28.084999084472656,21.049999237060547,14.151901808977126,734.5601769673796,23.11168517876613,277.12344314540354,1.0894856531098707,212.3493084546408,4.1720501719355016e-16,78741.85649251436,376.55524584189675,1,1,1,1,NA,Simulation,34
1,1,Field,2000-08-15 12:00:00,2000,228,MidGrainFilling,7.838144985138534,NA,NA,NA,0.03999999910593033,21.899999618530273,32.470001220703125,25.65000057220459,18.829999923706055,14.409765214896204,748.9699421822758,23.268485291373526,270.58699972450165,1.0933536913846782,211.39540956454425,2.8149496448028627e-16,78738.92332248823,462.9654611244294,1,1,1,1,NA,Simulation,34
1,1,Field,2000-08-16 12:00:00,2000,229,MidGrainFilling,7.986929232783768,NA,NA,NA,2.7200000286102295,11.720000267028809,28.790000915527344,22.08500051498413,15.380000114440918,12.08500051498413,761.0549426972599,23.265825552101795,268.82659006825975,1.1058795233663745,210.43498293166584,1.902967168914195e-16,78736.23101493136,537.663115736327,1,1,1,1,NA,Simulation,34
1,1,Field,2000-08-17 12:00:00,2000,230,LateGrainFilling,8.125802729034568,NA,NA,NA,3.109999895095825,9.09000015258789,26.219999313354492,21.27999973297119,16.34000015258789,11.279999732971191,772.3349424302311,22.96303600923482,268.83143317988015,1.1272945977006161,209.46328010169492,1.2890145976759846e-16,78733.83521824118,608.2619673280058,1,1,1,0.9999999999999998,NA,Simulation,34
1,1,Field,2000-08-18 12:00:00,2000,231,LateGrainFilling,8.248181230736304,NA,NA,NA,0.07000000029802322,23.719999313354492,26.280000686645508,19.700000286102295,13.119999885559082,9.940193800723554,782.2751362309547,22.496743009947167,264.5149094477815,1.1479492974186836,208.48439166032932,8.749726091652708e-17,78731.64099542529,670.9542291711189,0.9700000286102295,1,0.9700000286102295,0.9999999999999998,NA,Simulation,34
1,1,Field,2000-08-19 12:00:00,2000,232,LateGrainFilling,8.365263406815647,NA,NA,NA,2.9000000953674316,9.09000015258789,24.059999465942383,19.509999752044678,14.960000038146973,9.50999975204468,791.7851359829993,22.02036836436446,264.02373479505263,1.1744200549483206,207.5014036843492,5.952177017328384e-17,78729.68602804786,732.5602400875282,0.9509999752044678,1,0.9509999752044678,1,NA,Simulation,34
1,1,Field,2000-08-20 12:00:00,2000,233,LateGrainFilling,8.503398220814155,NA,NA,NA,0.6499999761581421,19.139999389648438,25.5,21.22000026702881,16.940000534057617,11.220000267028809,803.0051362500282,21.577816104708095,261.0202279889028,1.1972992868974617,206.53268166901307,4.0581104396018604e-17,78727.77499185097,805.6841670867229,1,1,1,1,NA,Simulation,34
1,1,Field,2000-08-21 12:00:00,2000,234,LateGrainFilling,8.660738943618814,NA,NA,NA,2.190000057220459,9.119999885559082,30,22.78000020980835,15.5600004196167,12.78000020980835,815.7851364598365,21.396431685735095,260.4675751820348,1.2191693894873274,205.59136822645522,2.7728551467826678e-17,78725.86163926881,857.355085573738,1,1,1,1,NA,Simulation,34
1,1,Field,2000-08-22 12:00:00,2000,235,LateGrainFilling,8.811739243891493,NA,NA,NA,8.380000114440918,8.859999656677246,26.709999084472656,22.264999389648438,17.81999969482422,12.264999389648438,828.050135849485,21.40132714609773,265.9828092390332,1.2516744473597567,204.72412646660297,1.898670686687432e-17,78724.04080171113,899.8627442106737,1,1,1,0.9999999999999999,NA,Simulation,34
1,1,Field,2000-08-23 12:00:00,2000,236,LateGrainFilling,8.969695537196586,NA,NA,NA,4.5,13.4399995803833,26.3799991607666,22.829999923706055,19.280000686645508,12.829999923706055,840.880135773191,21.423206637338822,267.4973947127051,1.2794581621980432,203.84262490184022,1.3027197618760242e-17,78722.228516142015,945.7078841396062,1,1,1,1,NA,Simulation,34
1,1,Field,2000-08-24 12:00:00,2000,237,Maturing,9.061894997449029,NA,NA,NA,1.809999942779541,23.639999389648438,29.959999084472656,23.354999542236328,16.75,13.354999542236328,854.2351353154273,21.471437346701006,264.64327866080936,1.2973148860314954,204.17366373431275,8.955565538651384e-18,78720.3735361777,945.7078841396062,1,1,1,0.9999999999999998,NA,Simulation,34
1,1,Field,2000-08-25 12:00:00,2000,238,Maturing,9.140227479356065,NA,NA,NA,1.590000033378601,19.43000030517578,32.380001068115234,24.90000057220459,17.420000076293945,13.78651681563854,868.0216521310658,21.578422383884842,261.097088671671,1.3060047350381712,204.51936243988396,6.167896731136419e-18,78718.45455767418,945.7078841396062,1,1,1,1,NA,Simulation,34
1,1,Field,2000-08-26 12:00:00,2000,239,Maturing,9.226040414805384,NA,NA,NA,1.1799999475479126,17.09000015258789,32.63999938964844,26.53499984741211,20.43000030517578,15.103076639080047,883.1247287701459,21.817219962698914,257.3823681389232,1.3010147831220549,204.89334406635103,4.255392922161494e-18,78716.35895750715,945.7078841396062,1,1,1,1,NA,Simulation,34
1,1,Field,2000-08-27 12:00:00,2000,240,Maturing,9.304818822595827,NA,NA,NA,0.3100000023841858,15.25,30.149999618530273,23.864999771118164,17.579999923706055,13.864999771118164,896.9897285412641,22.135827346376306,253.72178253877064,1.2894285298734294,205.27472679768002,2.9406965636486088e-18,78714.16826360635,945.7078841396062,1,1,1,1,NA,Simulation,34
1,1,Field,2000-08-28 12:00:00,2000,241,Maturing,9.381184930244236,NA,NA,NA,0.6100000143051147,8.420000076293945,34.83000183105469,26.785000801086426,18.739999771118164,13.440434946119785,910.4301634873839,22.318427600242494,251.50702376436524,1.2791400615625972,205.65748619379997,2.035290465313037e-18,78711.96125752025,945.7078841396062,1,1,1,1,NA,Simulation,34
1,1,Field,2000-08-29 12:00:00,2000,242,Maturing,9.454878113579626,NA,NA,NA,0.009999999776482582,11.529999732971191,28.420000076293945,22.97000026702881,17.520000457763672,12.970000267028812,923.4001637544127,22.518050985690248,248.27219128320178,1.2561788237829805,206.0331315456738,1.4106928974864945e-18,78709.84498342562,945.7078841396062,1,1,1,0.9999999999999998,NA,Simulation,34
1,1,Field,2000-08-30 12:00:00,2000,243,Maturing,9.524402623689593,NA,NA,NA,2.4100000858306885,17.219999313354492,35.52000045776367,25.96500015258789,16.40999984741211,12.236313779354097,935.6364775337668,22.497739658905576,246.58761303909813,1.2317789882424794,206.39313856546372,9.79136716725501e-19,78707.88579964216,945.7078841396062,1,1,1,0.9999999999999999,NA,Simulation,34
1,1,Field,2000-08-31 12:00:00,2000,244,Maturing,9.601938469391937,NA,NA,NA,2.130000114440918,19.200000762939453,36.290000915527344,28.895000457763672,21.5,13.64630884361267,949.2827863773795,22.683901636150125,243.31794690859272,1.176928430317221,206.77120977761635,6.8051626003507475e-19,78705.90813453082,945.7078841396062,1,1,1,0.9999999999999997,NA,Simulation,34
1,1,Field,2000-09-01 12:00:00,2000,245,Maturing,9.686684002407922,NA,NA,NA,2.619999885559082,13.630000114440918,30.670000076293945,25.039999961853027,19.40999984741211,14.915213810813428,964.1980001881929,23.055042003713538,242.0588340992897,1.1349931744060429,207.14450325753268,4.735726992221145e-19,78703.91822263872,945.7078841396062,1,1,1,1,NA,Simulation,34
1,1,Field,2000-09-02 12:00:00,2000,246,Maturing,9.758698751959285,NA,NA,NA,2.5199999809265137,15.600000381469727,37.13999938964844,28.484999656677246,19.829999923706055,12.674595921039577,976.8725961092324,23.2018282695309,240.36926621390444,1.0910459403758914,207.50310753966886,3.2995907364913784e-19,78702.02090071462,945.7078841396062,1,1,1,1,NA,Simulation,34
1,1,Field,2000-09-03 12:00:00,2000,247,Maturing,9.844746966270641,NA,NA,NA,0.8600000143051147,22.229999542236328,32.65999984741211,26.59500026702881,20.530000686645508,15.14448571879864,992.017081828031,23.5133203510968,238.22663322576477,1.0176357715679474,207.86365195846543,2.3016285697321985e-19,78699.93122769451,945.7078841396062,1,1,1,1,NA,Simulation,34
1,1,Field,2000-09-04 12:00:00,2000,248,Maturing,9.907133330015377,NA,NA,NA,0.44999998807907104,8.869999885559082,26.420000076293945,20.980000019073486,15.539999961853027,10.980000019073486,1002.9970818471045,23.745613404928,236.64512729465548,0.961919779506182,208.16738358443277,1.6072573796928175e-19,78698.06037450444,945.7078841396062,1,1,1,1,NA,Simulation,34
1,1,Field,2000-09-05 12:00:00,2000,249,Maturing,9.958138675141143,NA,NA,NA,0,22.270000457763672,25.260000228881836,18.09000015258789,10.920000076293945,8.976940742135048,1011.9740225892396,23.297360843383043,235.5609034596556,0.9181629429358514,208.4163876074777,1.1235735464292859e-19,78696.42147515246,945.7078841396062,0.8090000152587891,1,0.8090000152587891,0.9999999999999998,NA,Simulation,34
1,1,Field,2000-09-06 12:00:00,2000,250,Ripening,10.028564606239325,NA,NA,NA,0.75,21.110000610351563,27.350000381469727,18.240000247955322,9.130000114440918,9.624197068065405,1021.598219657305,22.76361412882636,234.60023596417352,0.8838817739794408,208.6355811481462,7.863097729050204e-20,78694.98753778078,945.7078841396062,0.8240000247955322,1,0.8240000247955322,0.9999999999999998,NA,Simulation,34
1,1,Field,2000-09-07 12:00:00,2000,251,Ripening,10.16609625494762,NA,2000-09-07,NA,7.730000019073486,14.920000076293945,26.93000030517578,20.865000247955322,14.800000190734863,10.865000247955322,1032.4632199052603,22.293578918468707,239.34225231537218,1.0663533661957343,208.8934477576817,5.509072308516214e-20,78694.98975711611,945.7078841396062,1,1,1,0.9999999999999998,NA,Simulation,34
1,1,Field,2000-09-08 12:00:00,2000,252,Ripening,10.315625101938078,NA,NA,NA,0,21.559999465942383,30.610000610351563,21.505000114440918,12.399999618530273,11.812778912246227,1044.2759988175064,21.90323046527771,234.92680756692442,1.1368838905811443,209.16535828870835,3.864316106387667e-20,78694.98473827576,945.7078841396062,1,1,1,1,NA,Simulation,34
1,1,Field,2000-09-09 12:00:00,2000,253,Ripening,10.49232223647632,NA,NA,NA,2.7300000190734863,20.8700008392334,32.15999984741211,24.93000030517578,17.700000762939453,13.959073628520963,1058.2350724460273,21.751279545413595,233.7119382563056,1.1579216564115142,209.46108612543566,2.713868489978298e-20,78694.85550046926,945.7078841396062,1,1,1,0.9999999999999999,NA,Simulation,34
1,1,Field,2000-09-10 12:00:00,2000,254,Ripening,10.656845091731741,NA,NA,NA,0.4300000071525574,20.200000762939453,34.939998626708984,26.3149995803833,17.690000534057617,12.997305565178396,1071.2323780112056,22.06384342053207,232.96119662418508,1.1060933960641657,209.79928189238746,1.9082199842410823e-20,78694.2347734492,945.7078841396062,1,1,1,0.9999999999999998,NA,Simulation,34
1,1,Field,2000-09-11 12:00:00,2000,255,Ripening,10.811789842300277,NA,NA,NA,0.10000000149011612,20.31999969482422,35.900001525878906,26.415000915527344,16.93000030517578,12.240635294914243,1083.4730133061198,22.78773104624269,232.23706623971276,1.004018025001343,210.1505954327917,1.3433095017767919e-20,78693.09700118861,945.7078841396062,1,1,1,1,NA,Simulation,34
1,1,Field,2000-09-12 12:00:00,2000,256,Ripening,10.927600146642845,NA,NA,NA,0,20.34000015258789,25.75,18.18499994277954,10.619999885559082,9.149014043062925,1092.6220273491826,23.31982790357395,231.54032945367322,0.9107897546300203,210.43557753873736,9.466803335142965e-21,78691.735628636,945.7078841396062,0.8184999942779542,1,0.8184999942779542,1,NA,Simulation,34
1,1,Field,2000-09-13 12:00:00,2000,257,ReadyForHarvesting,11,NA,NA,NA,1.1299999952316284,19.639999389648438,33.15999984741211,22.835000038146973,12.510000228881836,0,1092.6220273491826,23.10318415948266,230.9050641536104,0.8422664647123767,210.6693577659539,6.678601280223582e-21,78690.46125360018,945.7078841396062,1,1,1,1,NA,Simulation,34
1,1,Field,2000-09-14 12:00:00,2000,258,,1,NA,NA,2000-09-14,3.799999952316284,19.170000076293945,25.600000381469727,19.080000400543213,12.5600004196167,9.080000400543215,0,22.86839849006868,230.82965248637325,0.7701127119536145,210.85921650922805,4.716377049141609e-21,78887.54206538238,0,0,1,0.9080000400543213,1,Harvested at Maturity.,Simulation,34
1,1,Field,2000-09-15 12:00:00,2000,259,,1,NA,NA,NA,0.5699999928474426,18.579999923706055,20.350000381469727,13.850000143051147,7.349999904632568,4.285487658566236,0,22.185450919750707,230.25696357449772,0.7356019498543568,210.99685383641625,3.3340078671146813e-21,78883.03812076843,0,0,1,0.38500001430511477,1,NA,Simulation,34
1,1,Field,2000-09-16 12:00:00,2000,260,,1,NA,NA,NA,1.4199999570846558,19.459999084472656,27.610000610351563,17.290000200271606,6.96999979019165,7.6870742384016495,0,21.34115984879526,229.7064093150077,0.7301727278802572,211.09893223551546,2.3592018235148896e-21,78878.8568761698,0,0,1,0.7290000200271607,1,NA,Simulation,34
1,1,Field,2000-09-17 12:00:00,2000,261,,1,NA,NA,NA,0.47999998927116394,19.139999389648438,32.47999954223633,21.574999809265137,10.670000076293945,10.693996503615377,0,20.96500387183974,229.1756057944389,0.7203606809829779,211.20992429659253,1.671145691159176e-21,78874.79399592773,0,0,1,1,1,NA,Simulation,34
1,1,Field,2000-09-18 12:00:00,2000,262,,1,NA,NA,NA,0.07999999821186066,11.09000015258789,32.380001068115234,24.280000686645508,16.18000030517578,13.222177419805528,0,21.2817754208777,228.66256857146556,0.7040534132773301,211.33540679148263,1.1850011468720263e-21,78870.73921805766,0,0,1,1,1,NA,Simulation,34
1,1,Field,2000-09-19 12:00:00,2000,263,,1,NA,NA,NA,1.5299999713897705,3.940000057220459,24.59000015258789,19.09500026702881,13.600000381469727,9.095000267028809,0,21.67939298668617,229.41193862685242,0.7021132303516642,211.4534295410517,8.411463786759422e-22,78866.68702714003,0,0,1,0.9095000267028809,1,NA,Simulation,34
1,1,Field,2000-09-20 12:00:00,2000,264,,1,NA,NA,NA,2.6700000762939453,8.390000343322754,19.639999389648438,13.4399995803833,7.239999771118164,3.918937183320522,0,21.255341334691465,230.605955458692,0.715655076523162,211.55174361166527,5.976701758937139e-22,78862.83300139099,0,0,1,0.3439999580383301,1,NA,Simulation,34
1,1,Field,2000-09-21 12:00:00,2000,265,,1,NA,NA,NA,0.009999999776482582,15.539999961853027,20.860000610351563,12.740000247955322,4.619999885559082,4.029237758368254,0,20.296353403641533,228.16562480533042,0.7184569072445331,211.6362435197793,4.250932485739025e-22,78859.48189624884,0,0,1,0.27400002479553226,1,NA,Simulation,34
1,1,Field,2000-09-22 12:00:00,2000,266,,1,NA,NA,NA,15.859999656677246,3.009999990463257,23.010000228881836,15.550000190734863,8.09000015258789,5.766959651255608,0,19.42765684962372,243.46746601681008,0.5889726120936336,211.68635691557202,3.026515030233928e-22,78868.89236329771,0,0,1,0.5550000190734864,1,NA,Simulation,34
1,1,Field,2000-09-23 12:00:00,2000,267,,1,NA,NA,NA,1.8200000524520874,3.990000009536743,16.969999313354492,12.774999618530273,8.579999923706055,2.9834892732620237,0,18.80619398512655,244.59753120197547,0.5978477458699605,211.68374196056968,2.1569706457184534e-22,78873.50735734367,0,0,1,0.27749996185302733,1,NA,Simulation,34
1,1,Field,2000-09-24 12:00:00,2000,268,,1,NA,NA,NA,1.6699999570846558,5.110000133514404,12.430000305175781,9.025000095367432,5.619999885559082,0.6165047837793829,0,18.130757310947626,245.46114966920413,0.605819108110185,211.74359891388863,1.5388456863723626e-22,78873.99950164041,0,0,1,0,1,NA,Simulation,34
1,1,Field,2000-09-25 12:00:00,2000,269,,1,NA,NA,NA,0.1599999964237213,17.760000228881836,18.969999313354492,10.68999969959259,2.4100000858306885,2.9225637295603755,0,17.24437025442863,242.6205833643803,0.5902766892740267,211.79944250898407,1.0990125375373217e-22,78875.55881085769,0,0,1,0.06899996995925904,1,NA,Simulation,34
1,1,Field,2000-09-26 12:00:00,2000,270,,1,NA,NA,NA,0.10999999940395355,17.709999084472656,24.81999969482422,14.799999952316284,4.78000020980835,5.858831146731973,0,16.633064054618917,239.40696809256633,0.5859657838001293,211.7915018243197,7.857336830174348e-23,78879.8704962939,0,0,1,0.47999999523162845,1,NA,Simulation,34
1,1,Field,2000-09-27 12:00:00,2000,271,,1,NA,NA,NA,0.1599999964237213,17.40999984741211,25.579999923706055,16.5,7.420000076293945,6.827880983591079,0,16.49500769224034,236.19285005441577,0.5870836072164538,211.7857749036366,5.623666828161972e-23,78883.70991216296,0,0,1,0.65,1,NA,Simulation,34
1,1,Field,2000-09-28 12:00:00,2000,272,,1,NA,NA,NA,0.23999999463558197,16.719999313354492,25.860000610351563,16.630000352859497,7.400000095367432,6.957642570024729,0,16.679542564749255,235.28121734203103,0.5960429554137441,211.81465803499748,4.029364329552941e-23,78885.50291508251,0,0,1,0.6630000352859498,1,NA,Simulation,34
1,1,Field,2000-09-29 12:00:00,2000,273,,1,NA,NA,NA,0.10999999940395355,15.789999961853027,26.850000381469727,18.28000020980835,9.710000038146973,8.28000020980835,0,17.118041830452224,234.45185472158747,0.6041614201353225,211.87714712624302,2.8901567507894126e-23,78885.8288912563,0,0,1,0.828000020980835,1,NA,Simulation,34
1,1,Field,2000-09-30 12:00:00,2000,274,,1,NA,NA,NA,0.5,14.34000015258789,28.649999618530273,21.34499979019165,14.039999961853027,11.344999790191652,0,17.72995792002657,233.68583906384924,0.6362390728731064,211.95352834018138,2.075215473987251e-23,78884.44413368552,0,0,1,1,1,NA,Simulation,34
1,1,Field,2000-10-01 12:00:00,2000,275,,1,NA,NA,NA,0.5,9.979999542236328,25.899999618530273,19.230000019073486,12.5600004196167,9.230000019073485,0,18.40750134258592,232.97055084070513,0.6801306561371299,212.0433010007072,1.4915757344933168e-23,78881.70216884249,0,0,1,0.9230000019073487,1,NA,Simulation,34
1,1,Field,2000-10-02 12:00:00,2000,276,,1,NA,NA,NA,0.10999999940395355,16.530000686645508,24.639999389648438,18.764999866485596,12.890000343322754,8.764999866485597,0,18.79208706439504,232.29707558788223,0.7166352557172261,212.1426511035869,1.0731168753761592e-23,78878.68218544127,0,0,1,0.8764999866485597,1,NA,Simulation,34
1,1,Field,2000-10-03 12:00:00,2000,277,,1,NA,NA,NA,4.010000228881836,8.15999984741211,24.260000228881836,17.035000324249268,9.8100004196167,7.035000324249267,0,18.97716163287389,234.69824879083666,0.6232782551819841,212.17043157817974,7.727626506971585e-24,78887.80417621021,0,0,1,0.7035000324249268,1,NA,Simulation,34
1,1,Field,2000-10-04 12:00:00,2000,278,,1,NA,NA,NA,3.75,12.869999885559082,18.559999465942383,12.59999966621399,6.639999866485596,3.325462234243751,0,18.69158179000481,236.14583990020998,0.6205876074458759,212.20680628287607,5.5695609426862046e-24,78891.01423078608,0,0,1,0.25999996662139896,1,NA,Simulation,34
1,1,Field,2000-10-05 12:00:00,2000,279,,1,NA,NA,NA,6.599999904632568,3.6500000953674316,12.510000228881836,7.340000152587891,2.1700000762939453,0.4937219542264941,0,17.919733669572196,242.17358176345317,0.6568158233543185,212.27791306192864,4.017473607490084e-24,78890.09203723367,0,0,1,0,1,NA,Simulation,34
1,1,Field,2000-10-06 12:00:00,2000,280,,1,NA,NA,NA,2.880000114440918,8.8100004196167,7.019999980926514,2.8949999809265137,-1.2300000190734863,0,0,16.663792030065704,243.8429736495151,0.6974984419355013,212.3444032974742,2.9002078943501097e-24,78887.89308488011,0,0,1,0,1,NA,Simulation,34
1,1,Field,2000-10-07 12:00:00,2000,281,,1,NA,NA,NA,0.3499999940395355,7.079999923706055,6.349999904632568,1.5,-3.3499999046325684,0,0,15.246597489265525,243.25709655012497,0.7242955558635142,212.40515813961545,2.095282394738929e-24,78885.8292257365,0,0,1,0,1,NA,Simulation,34
1,1,Field,2000-10-08 12:00:00,2000,282,,1,NA,NA,NA,0,15.65999984741211,9.579999923706055,2.325000047683716,-4.929999828338623,0,0,13.859845855644533,241.1010611814134,0.7378697594469401,212.46129608965143,1.5149307104861995e-24,78884.13316819169,0,0,1,0,1,NA,Simulation,34
1,1,Field,2000-10-09 12:00:00,2000,283,,1,NA,NA,NA,0.009999999776482582,15.649999618530273,14.369999885559082,5.309999942779541,-3.75,0.8544937120378018,0,12.773850569782631,238.73621433521083,0.736276843466129,212.5145821984463,1.0961852809755274e-24,78883.20458428882,0,0,1,0,1,NA,Simulation,34
1,1,Field,2000-10-10 12:00:00,2000,284,,1,NA,NA,NA,0.05000000074505806,15.59000015258789,17.540000915527344,7.635000467300415,-2.2699999809265137,1.9700987420231102,0,12.151826006513447,236.2560505092224,0.724236460633462,212.56675178548656,7.938217039259975e-25,78882.91476652278,0,0,1,0,1,NA,Simulation,34
1,1,Field,2000-10-11 12:00:00,2000,285,,1,NA,NA,NA,0.6200000047683716,15.359999656677246,20.25,10.275000005960464,0.30000001192092896,3.2427175011247398,0,11.974269248738462,235.11028261171316,0.7035832375850666,212.6193071974919,5.753297143348316e-25,78883.29744334347,0,0,1,0.02750000059604645,1,NA,Simulation,34
1,1,Field,2000-10-12 12:00:00,2000,286,,1,NA,NA,NA,2.9700000286102295,12.09000015258789,23.260000228881836,15.56000018119812,7.860000133514404,5.8260776461541655,0,12.289601465113739,235.73358000392824,0.6477708450440259,212.6721948784244,4.173214290114518e-25,78886.33902485465,0,0,1,0.556000018119812,1,NA,Simulation,34
1,1,Field,2000-10-13 12:00:00,2000,287,,1,NA,NA,NA,4.940000057220459,13.550000190734863,26.84000015258789,20.31500005722046,13.789999961853027,10.31500005722046,0,13.090144964871254,237.77799327873686,0.6000938327154944,212.58815964568896,3.0296061003544723e-25,78898.16509460795,0,0,1,1,1,NA,Simulation,34
1,1,Field,2000-10-14 12:00:00,2000,288,,1,NA,NA,NA,0.4099999964237213,14.680000305175781,25.440000534057617,17.68000030517578,9.920000076293945,7.680000305175782,0,14.094392500733761,235.17594140350184,0.5959119492468549,212.55599732927007,2.201201011155518e-25,78904.58675296266,0,0,1,0.7680000305175781,1,NA,Simulation,34
1,1,Field,2000-10-15 12:00:00,2000,289,,1,NA,NA,NA,4.880000114440918,13.9399995803833,18.43000030517578,12.585000038146973,6.739999771118164,3.2832766625285146,0,14.65357787302221,237.50866862179026,0.5984225016620593,212.58959925371423,1.6005992998886644e-25,78907.0747914183,0,0,1,0.2585000038146973,1,NA,Simulation,34
1,1,Field,2000-10-16 12:00:00,2000,290,,1,NA,NA,NA,2.509999990463257,8.720000267028809,17.6299991607666,11.804999589920044,5.980000019073486,2.790069933757187,0,14.615366651875402,238.45048795647674,0.5921155302476232,212.63820181119544,1.1647777853667131e-25,78908.93695202438,0,0,1,0.1804999589920044,1,NA,Simulation,34
1,1,Field,2000-10-17 12:00:00,2000,291,,1,NA,NA,NA,0.8199999928474426,13.0600004196167,21.010000228881836,13.880000114440918,6.75,4.459278229176999,0,14.454597737729204,236.78575418863028,0.5839083369396506,212.66579956987079,8.482585841522949e-26,78911.77836189105,0,0,1,0.3880000114440918,1,NA,Simulation,34
1,1,Field,2000-10-18 12:00:00,2000,292,,1,NA,NA,NA,1.2100000381469727,14.369999885559082,26.190000534057617,16.40000033378601,6.610000133514404,6.905584543412923,0,14.42635946203316,235.0657643830927,0.5790387136884055,212.66902646124987,6.18194702722888e-26,78915.67765359611,0,0,1,0.6400000333786011,1,NA,Simulation,34
1,1,Field,2000-10-19 12:00:00,2000,293,,1,NA,NA,NA,0.3799999952316284,14.25,27.229999542236328,17.34499979019165,7.460000038146973,7.634766164314746,0,14.657050041600849,234.25380526623925,0.582304803229686,212.68147712347275,4.5083863016648544e-26,78918.88987675404,0,0,1,0.7344999790191651,1,NA,Simulation,34
1,1,Field,2000-10-20 12:00:00,2000,294,,1,NA,NA,NA,0.019999999552965164,12.859999656677246,23.059999465942383,16.769999504089355,10.479999542236328,6.7699995040893555,0,15.149624371485501,233.50155902368203,0.5840368621777986,212.7263269444952,3.290047496170879e-26,78920.60805091642,0,0,1,0.6769999504089356,1,NA,Simulation,34
1,1,Field,2000-10-21 12:00:00,2000,295,,1,NA,NA,NA,2.119999885559082,12.420000076293945,23.479999542236328,15.254999876022339,7.03000020980835,5.710241710227728,0,15.499324820686121,233.14727629368556,0.5832514657939131,212.78408892407424,2.402446580000955e-26,78921.52612316949,0,0,1,0.5254999876022339,1,NA,Simulation,34
1,1,Field,2000-10-22 12:00:00,2000,296,,1,NA,NA,NA,1.9500000476837158,3.869999885559082,19.010000228881836,15.03000020980835,11.050000190734863,5.030000209808349,0,15.537663250388963,234.3431586717121,0.5829525702147588,212.84118229045944,1.7553373405148521e-26,78922.55160463013,0,0,1,0.503000020980835,1,NA,Simulation,34
1,1,Field,2000-10-23 12:00:00,2000,297,,1,NA,NA,NA,1.7899999618530273,5.849999904632568,23.979999542236328,18.984999656677246,13.989999771118164,8.984999656677246,0,15.554748375838866,234.88543204731224,0.5868461460744476,212.87362701555662,1.283239614487041e-26,78925.27655484453,0,0,1,0.8984999656677246,1,NA,Simulation,34
1,1,Field,2000-10-24 12:00:00,2000,298,,1,NA,NA,NA,1.9700000286102295,7.880000114440918,25.790000915527344,19.890000343322754,13.989999771118164,9.890000343322754,0,15.949900921884323,235.1329411237481,0.597966063314873,212.91118776814724,9.386002879943631e-27,78928.08187931067,0,0,1,0.9890000343322755,1,NA,Simulation,34
1,1,Field,2000-10-25 12:00:00,2000,299,,1,NA,NA,NA,5.489999771118164,7.829999923706055,24.729999542236328,20.53499984741211,16.34000015258789,10.53499984741211,0,16.498115702603414,238.89619986249835,0.6312000789095467,212.92896614066285,6.868542666817424e-27,78932.69982074056,0,0,1,1,1,NA,Simulation,34
1,1,Field,2000-10-26 12:00:00,2000,300,,1,NA,NA,NA,0.3400000035762787,11.180000305175781,23.540000915527344,17.93000030517578,12.319999694824219,7.930000305175782,0,16.90860147244263,236.87485248630585,0.6343773406448118,213.0038044168434,5.0285669279327385e-27,78934.95689268781,0,0,1,0.7930000305175782,1,NA,Simulation,34
1,1,Field,2000-10-27 12:00:00,2000,301,,1,NA,NA,NA,0,4.139999866485596,17.799999237060547,13.114999771118164,8.430000305175781,3.3438760884761805,0,16.903897342815792,236.08936985717685,0.6577168593611875,213.07767215181025,3.683020691150613e-27,78934.9901174383,0,0,1,0.31149997711181643,1,NA,Simulation,34
1,1,Field,2000-10-28 12:00:00,2000,302,,1,NA,NA,NA,0.11999999731779099,7.170000076293945,14.8100004196167,11.700000286102295,8.59000015258789,1.9498220919072629,0,16.42773131504636,234.9020470715471,0.6734397525465997,213.14787060369795,2.6985457406049174e-27,78934.6392096736,0,0,1,0.1700000286102295,1,NA,Simulation,34
1,1,Field,2000-10-29 12:00:00,2000,303,,1,NA,NA,NA,1.7799999713897705,4.050000190734863,13.880000114440918,10.825000047683716,7.769999980926514,1.3872547363489867,0,15.845639219088435,235.95879372610307,0.689533174670659,213.21494070825244,1.977918577863473e-27,78934.19533109693,0,0,1,0.08250000476837159,1,NA,Simulation,34
1,1,Field,2000-10-30 12:00:00,2000,304,,1,NA,NA,NA,0.9900000095367432,9.149999618530273,21.850000381469727,16.475000381469727,11.100000381469727,6.475000381469727,0,15.348071801377955,235.0662305789768,0.6772437301304706,213.28078390578344,1.4502059505930304e-27,78935.41773503218,0,0,1,0.6475000381469727,1,NA,Simulation,34
1,1,Field,2000-10-31 12:00:00,2000,305,,1,NA,NA,NA,0.5799999833106995,8.539999961853027,23.860000610351563,16.575000286102295,9.289999961853027,6.5773319745242596,0,15.395300329437509,233.86798718150482,0.672052196171504,213.34963148571723,1.063617278379177e-27,78936.26316998445,0,0,1,0.6575000286102295,1,NA,Simulation,34
1,1,Field,2000-11-01 12:00:00,2000,306,,1,NA,NA,NA,11.859999656677246,2.25,23.270000457763672,17.145000457763672,11.020000457763672,7.145000457763672,0,15.623839737504808,245.25540899315882,0.7023327825481148,213.42442675594808,7.803123653934629e-28,78937.46811484933,0,0,1,0.7145000457763673,1,NA,Simulation,34
1,1,Field,2000-11-02 12:00:00,2000,307,,1,NA,NA,NA,0,13,16.690000534057617,10.830000162124634,4.96999979019165,2.239218196845055,0,15.648890611079645,242.8872337846516,0.7571489856508458,213.50140905976792,5.726279939734582e-28,78936.38553419703,0,0,1,0.08300001621246339,1,NA,Simulation,34
1,1,Field,2000-11-03 12:00:00,2000,308,,1,NA,NA,NA,0.10999999940395355,12.039999961853027,12.869999885559082,7.429999947547913,1.9900000095367432,0.605349962450564,0,15.07468511850653,240.98898393257028,0.790862428525963,213.56903778328888,4.20331510222612e-28,78935.06782058696,0,0,1,0,1,NA,Simulation,34
1,1,Field,2000-11-04 12:00:00,2000,309,,1,NA,NA,NA,0.17000000178813934,11.829999923706055,16.010000228881836,9.610000133514404,3.2100000381469727,1.7973200964450837,0,14.164587964830782,239.06044305206711,0.8057430738762943,213.6304946024673,3.086188486544228e-28,78934.22316198962,0,0,1,0,1,NA,Simulation,34
1,1,Field,2000-11-05 12:00:00,2000,310,,1,NA,NA,NA,1.5,3.109999895095825,13.779999732971191,8.704999923706055,3.630000114440918,0.9781952288746834,0,13.52262685550507,240.0247273725081,0.8234942554173403,213.69077287535922,2.2665327477472704e-28,78933.30929907452,0,0,1,0,1,NA,Simulation,34
1,1,Field,2000-11-06 12:00:00,2000,311,,1,NA,NA,NA,18.329999923706055,2.3399999141693115,10.739999771118164,7.8399999141693115,4.940000057220459,0.09821744706034674,0,13.076954451792014,257.96505000532994,0.8458269384501127,213.75023037161793,1.6649852605627484e-28,78932.41916704095,0,0,1,0,1,NA,Simulation,34
1,1,Field,2000-11-07 12:00:00,2000,312,,1,NA,NA,NA,0.550000011920929,3.619999885559082,3.799999952316284,0.5649999380111694,-2.6700000762939453,0,0,12.552496548689525,258.19401130155484,0.8696563059186855,213.8037968711926,1.2234012080726933e-28,78931.05525427194,0,0,1,0,1,NA,Simulation,34
1,1,Field,2000-11-08 12:00:00,2000,313,,1,NA,NA,NA,0.6800000071525574,8.609999656677246,0.800000011920929,-1.754999965429306,-4.309999942779541,0,0,11.603448214694707,258.46521102504823,0.8820232039128907,213.84869210025167,8.991667444916657e-29,78929.9288855549,0,0,1,0,1,NA,Simulation,34
1,1,Field,2000-11-09 12:00:00,2000,314,,1,NA,NA,NA,0.47999998927116394,3.180000066757202,1.590000033378601,-1.8999999165534973,-5.389999866485596,0,0,10.499185146050024,258.77089048623316,0.8883745533749761,213.8876712572682,6.610417445804048e-29,78928.96072026895,0,0,1,0,1,NA,Simulation,34
1,1,Field,2000-11-10 12:00:00,2000,315,,1,NA,NA,NA,0,11.170000076293945,3.369999885559082,-0.8849999904632568,-5.139999866485596,0,0,9.444956347827407,257.89187304017764,0.8921146867841598,213.92290527254326,4.8611763008002127e-29,78928.0921196544,0,0,1,0,1,NA,Simulation,34
1,1,Field,2000-11-11 12:00:00,2000,316,,1,NA,NA,NA,1.7400000095367432,5.989999771118164,2.119999885559082,-0.6950000524520874,-3.509999990463257,0,0,8.65020067145441,259.25674197996955,0.8952394506167467,213.95608447967973,3.575906396634132e-29,78927.28088282414,0,0,1,0,1,NA,Simulation,34
1,1,Field,2000-11-12 12:00:00,2000,317,,1,NA,NA,NA,3.3499999046325684,3.0799999237060547,4.289999961853027,-0.1100001335144043,-4.510000228881836,0,0,8.108257447285672,262.312770875355,0.8982744237156928,213.9879413786363,2.6313168841754354e-29,78926.50962922504,0,0,1,0,1,NA,Simulation,34
1,1,Field,2000-11-13 12:00:00,2000,318,,1,NA,NA,NA,0.30000001192092896,4.039999961853027,1.850000023841858,-1.569999873638153,-4.989999771118164,0,0,7.67739936751125,262.378058053862,0.9005745545636337,214.01824374694036,1.9369273081039166e-29,78925.784481259,0,0,1,0,1,NA,Simulation,34
1,1,Field,2000-11-14 12:00:00,2000,319,,1,NA,NA,NA,0,9.989999771118164,1.5299999713897705,-2.3950001001358032,-6.320000171661377,0,0,7.206100166207892,261.8442624706587,0.9014871446390281,214.04654450520175,1.426323677691873e-29,78925.11562720296,0,0,1,0,1,NA,Simulation,34
1,1,Field,2000-11-15 12:00:00,2000,320,,1,NA,NA,NA,0.23000000417232513,9.130000114440918,7.489999771118164,0.5349998474121094,-6.420000076293945,0,0,6.696298199997595,260.81724923740614,0.9016949456957288,214.07329428902239,1.0507494796556242e-29,78924.49283298699,0,0,1,0,1,NA,Simulation,34
1,1,Field,2000-11-16 12:00:00,2000,321,,1,NA,NA,NA,0.10999999940395355,5.920000076293945,0.8899999856948853,-2.0399999022483826,-4.96999979019165,0,0,6.381924231822431,260.6437396999776,0.9022474754790292,214.09934088913835,7.744055100660966e-30,78923.88904181463,0,0,1,0,1,NA,Simulation,34
1,1,Field,2000-11-17 12:00:00,2000,322,,1,NA,NA,NA,0.009999999776482582,4.480000019073486,-0.8899999856948853,-3.8999999165534973,-6.909999847412109,0,0,6.0800910900386365,260.50843341378595,0.9020384354150828,214.1240448885647,5.710018377849459e-30,78923.32314782467,0,0,1,0,1,NA,Simulation,34
1,1,Field,2000-11-18 12:00:00,2000,323,,1,NA,NA,NA,1.559999942779541,5.260000228881836,-0.03999999910593033,-3.4900000281631947,-6.940000057220459,0,0,5.662877296801602,261.86577077301865,0.9011862178391558,214.14740037852843,4.212284830180069e-30,78922.79391722257,0,0,1,0,1,NA,Simulation,34
1,1,Field,2000-11-19 12:00:00,2000,324,,1,NA,NA,NA,1.440000057220459,5.619999885559082,1.659999966621399,-2.580000102519989,-6.820000171661377,0,0,5.297012825984491,262.99973644871386,0.9002831875504965,214.1698642106312,3.108995722961972e-30,78922.28940243369,0,0,1,0,1,NA,Simulation,34
1,1,Field,2000-11-20 12:00:00,2000,325,,1,NA,NA,NA,4.03000020980835,8.369999885559082,-6.980000019073486,-10.790000200271606,-14.600000381469727,0,0,4.913693815874303,266.9627783588582,0.8993570471046055,214.19147324038545,2.2959126618312876e-30,78921.80817829414,0,0,1,0,1,NA,Simulation,34
1,1,Field,2000-11-21 12:00:00,2000,326,,1,NA,NA,NA,2.2200000286102295,9.520000457763672,0.49000000953674316,-7.129999995231628,-14.75,0,0,4.0504466222184226,268.82248219722175,0.8983590625240653,214.21189770711385,1.69642198057593e-30,78921.35667159937,0,0,1,0,1,NA,Simulation,34
1,1,Field,2000-11-22 12:00:00,2000,327,,1,NA,NA,NA,4.920000076293945,7.980000019073486,-1.6399999856948853,-6.655000030994415,-11.670000076293945,0,0,3.2880129188723006,273.537053020189,0.8972695251467283,214.20127376574763,1.2541988702206774e-30,78920.93263527319,0,0,1,0,1,NA,Simulation,34
1,1,Field,2000-11-23 12:00:00,2000,328,,1,NA,NA,NA,0,8.850000381469727,2.7699999809265137,-4.43500018119812,-11.640000343322754,0,0,2.770331276815451,272.97578601387306,0.8961999174640004,214.2198620113594,9.278206686400531e-31,78920.5310102086,0,0,1,0,1,NA,Simulation,34
1,1,Field,2000-11-24 12:00:00,2000,329,,1,NA,NA,NA,0.47999998927116394,10.09000015258789,2.559999942779541,-2.075000047683716,-6.710000038146973,0,0,2.5203068769096406,272.7958772449704,0.8951355586933937,214.23780773024285,6.868126272232828e-31,78920.14822681567,0,0,1,0,1,NA,Simulation,34
1,1,Field,2000-11-25 12:00:00,2000,330,,1,NA,NA,NA,0,6.099999904632568,2.309999942779541,-0.4500000476837158,-3.2100000381469727,0,0,2.5514182360155595,272.3973612602436,0.8941010350785797,214.25526798554918,5.0874550921811594e-31,78919.78020543013,0,0,1,0,1,NA,Simulation,34
1,1,Field,2000-11-26 12:00:00,2000,331,,1,NA,NA,NA,0,2.9700000286102295,1.7799999713897705,-1.4299999475479126,-4.639999866485596,0,0,2.797090143646415,272.2263787377375,0.8926760189113552,214.27209300978376,3.7710481666760724e-31,78919.43054578098,0,0,1,0,1,NA,Simulation,34
1,1,Field,2000-11-27 12:00:00,2000,332,,1,NA,NA,NA,0.009999999776482582,8.890000343322754,5,-0.9300000667572021,-6.860000133514404,0,0,2.945521783272574,271.078500968836,0.8912560858592777,214.28854273059284,2.7972610081357766e-31,78919.091400719175,0,0,1,0,1,NA,Simulation,34
1,1,Field,2000-11-28 12:00:00,2000,333,,1,NA,NA,NA,0.2199999988079071,4.130000114440918,3.799999952316284,0.18999993801116943,-3.4200000762939453,0,0,3.02413525498444,270.9358687567233,0.8899966723609324,214.3047197395085,2.076455281892238e-31,78918.7597682918,0,0,1,0,1,NA,Simulation,34
1,1,Field,2000-11-29 12:00:00,2000,334,,1,NA,NA,NA,0.019999999552965164,2.740000009536743,1.5099999904632568,-0.8600000143051147,-3.2300000190734863,0,0,3.1890054471723834,270.803469131642,0.8891154943618229,214.32082601697996,1.5425493370368498e-31,78918.42966774065,0,0,1,0,1,NA,Simulation,34
1,1,Field,2000-11-30 12:00:00,2000,335,,1,NA,NA,NA,0.6700000166893005,3,1.4600000381469727,-3.0250000953674316,-7.510000228881836,0,0,3.2551246655817163,271.31817061356236,0.8880127552416168,214.33644993119066,1.146804860013705e-31,78918.11152103341,0,0,1,0,1,NA,Simulation,34
1,1,Field,2000-12-01 12:00:00,2000,336,,1,NA,NA,NA,2.299999952316284,4.139999866485596,1.5199999809265137,-0.6449999809265137,-2.809999942779541,0,0,3.1964329507519587,273.3860849039018,0.8869287897896209,214.35170242339908,8.532573738430525e-32,78917.80190022913,0,0,1,0,1,NA,Simulation,34
1,1,Field,2000-12-02 12:00:00,2000,337,,1,NA,NA,NA,2.4100000858306885,5.170000076293945,0.46000000834465027,-4.280000224709511,-9.020000457763672,0,0,3.175570569723176,275.58255657205063,0.885834502820755,214.3665955947002,6.353541884907989e-32,78917.50059057813,0,0,1,0,1,NA,Simulation,34
1,1,Field,2000-12-03 12:00:00,2000,338,,1,NA,NA,NA,2.059999942779541,8.430000305175781,1.7999999523162842,-4.235000252723694,-10.270000457763672,0,0,2.980117727692711,277.1941644582077,0.8847648082186713,214.38108066956963,4.734800183888288e-32,78917.20826815165,0,0,1,0,1,NA,Simulation,34
1,1,Field,2000-12-04 12:00:00,2000,339,,1,NA,NA,NA,1.0199999809265137,6.889999866485596,3.0799999237060547,-3.619999885559082,-10.319999694824219,0,0,2.6343507309704317,277.73943950350446,0.88370606610942,214.3950942361084,3.531356715387664e-32,78916.92641158524,0,0,1,0,1,NA,Simulation,34
1,1,Field,2000-12-05 12:00:00,2000,340,,1,NA,NA,NA,0.28999999165534973,7.28000020980835,-9.039999961853027,-12.275000095367432,-15.510000228881836,0,0,2.2428958789389557,277.99263416195964,0.8826540315336178,214.40863621457538,2.6359671654084676e-32,78916.65531068391,0,0,1,0,1,NA,Simulation,34
1,1,Field,2000-12-06 12:00:00,2000,341,,1,NA,NA,NA,0.05000000074505806,2.049999952316284,-2.2200000286102295,-6.1849998235702515,-10.149999618530273,0,0,1.5130664923635677,277.99456323608933,0.8815890166786988,214.42162560960543,1.969253528378873e-32,78916.39715018313,0,0,1,0,1,NA,Simulation,34
1,1,Field,2000-12-07 12:00:00,2000,342,,1,NA,NA,NA,0.20000000298023224,5.71999979019165,5.900000095367432,0.3300001621246338,-5.239999771118164,0,0,1.106011044770724,277.4193096250054,0.8805001542618854,214.43419280731112,1.472421695718843e-32,78916.15126001202,0,0,1,0,1,NA,Simulation,34
1,1,Field,2000-12-08 12:00:00,2000,343,,1,NA,NA,NA,0,8.90999984741211,-5.090000152587891,-8.275000095367432,-11.460000038146973,0,0,1.1825443393100212,277.3065294460801,0.8794468526463212,214.4464579503516,1.1018898629190971e-32,78915.91262050252,0,0,1,0,1,NA,Simulation,34
1,1,Field,2000-12-09 12:00:00,2000,344,,1,NA,NA,NA,0.15000000596046448,2.259999990463257,0.20999999344348907,-4.184999965131283,-8.579999923706055,0,0,0.968974807918472,277.36720501684647,0.8784043019269897,214.4583845017913,8.253277647905051e-33,78915.68264508949,0,0,1,0,1,NA,Simulation,34
1,1,Field,2000-12-10 12:00:00,2000,345,,1,NA,NA,NA,0.6600000262260437,4.53000020980835,-0.5799999833106995,-7.775000125169754,-14.970000267028809,0,0,0.7844876130896468,277.89020893497343,0.8773743896030707,214.46999121502435,6.187346159894241e-33,78915.46085711513,0,0,1,0,1,NA,Simulation,34
1,1,Field,2000-12-11 12:00:00,2000,346,,1,NA,NA,NA,5.570000171661377,3.200000047683716,-14.6899995803833,-16.09999990463257,-17.510000228881836,0,0,0.4719627695778875,283.4557690996689,0.8763512303619545,214.47122657398657,4.642799919121228e-33,78915.24715338663,0,0,1,0,1,NA,Simulation,34
1,1,Field,2000-12-12 12:00:00,2000,347,,1,NA,NA,NA,0.4000000059604645,5.75,-15.699999809265137,-18.41499948501587,-21.1299991607666,0,0,-0.4240957613520461,283.85015368130837,0.8753459786963687,214.48222277000482,3.487080285567499e-33,78915.04128123708,0,0,1,0,1,NA,Simulation,34
1,1,Field,2000-12-13 12:00:00,2000,348,,1,NA,NA,NA,4.159999847412109,5.53000020980835,-9.720000267028809,-13.639999866485596,-17.559999465942383,0,0,-1.5012714541083263,287.98716514477167,0.874320645942506,214.4528940813268,2.621567308670696e-33,78914.84456814846,0,0,1,0,1,NA,Simulation,34
1,1,Field,2000-12-14 12:00:00,2000,349,,1,NA,NA,NA,0.10999999940395355,7.440000057220459,-7.650000095367432,-10.924999952316284,-14.199999809265137,0,0,-2.2204062239369518,288.04508154379926,0.8733064385308354,214.4342278592631,1.9728321833667837e-33,78914.65701562841,0,0,1,0,1,NA,Simulation,34
1,1,Field,2000-12-15 12:00:00,2000,350,,1,NA,NA,NA,1.7300000190734863,6.050000190734863,-2.6700000762939453,-6.715000152587891,-10.760000228881836,0,0,-2.543717906085951,289.64710029637314,0.8722896558855284,214.39752598677933,1.486155785662766e-33,78914.47829638263,0,0,1,0,1,NA,Simulation,34
1,1,Field,2000-12-16 12:00:00,2000,351,,1,NA,NA,NA,0.5099999904632568,8.390000343322754,-3.9100000858306885,-10.899999737739563,-17.889999389648438,0,0,-2.550067804468011,290.0372305984817,0.8712903096510334,214.3647509213472,1.1207275019274876e-33,78914.30731290953,0,0,1,0,1,NA,Simulation,34
1,1,Field,2000-12-17 12:00:00,2000,352,,1,NA,NA,NA,0.029999999329447746,7.460000038146973,-12.470000267028809,-15.820000171661377,-19.170000076293945,0,0,-2.7513597227312157,290.0510130580079,0.8703143910154235,214.34666701339873,8.460864055460008e-34,78914.14325258658,0,0,1,0,1,NA,Simulation,34
1,1,Field,2000-12-18 12:00:00,2000,353,,1,NA,NA,NA,2.7300000190734863,4.329999923706055,-12.180000305175781,-14.670000076293945,-17.15999984741211,0,0,-3.2694447229406998,292.77039521678495,0.8693339907270886,214.28956714278277,6.394802455119787e-34,78913.98611134851,0,0,1,0,1,NA,Simulation,34
1,1,Field,2000-12-19 12:00:00,2000,354,,1,NA,NA,NA,0.009999999776482582,7.639999866485596,-13.760000228881836,-17.21500015258789,-20.670000076293945,0,0,-3.7988112511958803,292.7685342000383,0.868382355359754,214.2496832526708,4.839023415811037e-34,78913.83535740829,0,0,1,0,1,NA,Simulation,34
1,1,Field,2000-12-20 12:00:00,2000,355,,1,NA,NA,NA,1.5399999618530273,2.3399999141693115,-8.270000457763672,-12.595000267028809,-16.920000076293945,0,0,-4.365650771208213,294.29502491433516,0.8674418163817053,214.1980750340793,3.6663072599306714e-34,78913.69094006412,0,0,1,0,1,NA,Simulation,34
1,1,Field,2000-12-21 12:00:00,2000,356,,1,NA,NA,NA,1.8300000429153442,7.440000057220459,-16.079999923706055,-18.475000381469727,-20.8700008392334,0,0,-4.744401357618072,296.11831506792214,0.8665129387736217,214.1314550450251,2.7814091354332587e-34,78913.55250277178,0,0,1,0,1,NA,Simulation,34
1,1,Field,2000-12-22 12:00:00,2000,357,,1,NA,NA,NA,0.9100000262260437,6.079999923706055,-13.529999732971191,-21.209999561309814,-28.889999389648438,0,0,-5.3277616743601754,297.0209609517684,0.8656087131676248,214.07192534403563,2.112964688831037e-34,78913.41953476243,0,0,1,0,1,NA,Simulation,34
1,1,Field,2000-12-23 12:00:00,2000,358,,1,NA,NA,NA,2.25,7.5,-10.779999732971191,-14.919999599456787,-19.059999465942383,0,0,-6.009397570403072,299.24717122484503,0.8647164652836625,213.99657070271536,1.6074610387608038e-34,78913.2918533064,0,0,1,0,1,NA,Simulation,34
1,1,Field,2000-12-24 12:00:00,2000,359,,1,NA,NA,NA,0.5600000023841858,6.320000171661377,-17.06999969482422,-22.434999465942383,-27.799999237060547,0,0,-6.480934092599089,299.8038606985008,0.863857723994603,213.93292880722706,1.22473492571713e-34,78913.16881645264,0,0,1,0,1,NA,Simulation,34
1,1,Field,2000-12-25 12:00:00,2000,360,,1,NA,NA,NA,0.6600000262260437,8.510000228881836,-13.239999771118164,-19.204999923706055,-25.170000076293945,0,0,-7.097426493204086,300.4510830618473,0.8630326250547857,213.88034115080126,9.346160420502672e-35,78913.0497967329,0,0,1,0,1,NA,Simulation,34
1,1,Field,2000-12-26 12:00:00,2000,361,,1,NA,NA,NA,0.20999999344348907,8.739999771118164,-7.78000020980835,-12.600000143051147,-17.420000076293945,0,0,-7.586541747032266,300.60567294992404,0.862244113491034,213.8409676961973,7.144207856438169e-35,78912.9347097995,0,0,1,0,1,NA,Simulation,34
1,1,Field,2000-12-27 12:00:00,2000,362,,1,NA,NA,NA,0.05999999865889549,8.579999923706055,-9.720000267028809,-15.21000051498413,-20.700000762939453,0,0,-7.664925519032863,300.63278053256784,0.861490255057774,213.8142578518681,5.470764266343336e-35,78912.82350911952,0,0,1,0,1,NA,Simulation,34
1,1,Field,2000-12-28 12:00:00,2000,363,,1,NA,NA,NA,2.4800000190734863,5.619999885559082,-7.360000133514404,-11.985000371932983,-16.610000610351563,0,0,-7.6265687906250115,303.0730779297393,0.8607444716675838,213.76304412922264,4.197209916068491e-35,78912.71637258153,0,0,1,0,1,NA,Simulation,34
1,1,Field,2000-12-29 12:00:00,2000,364,,1,NA,NA,NA,0.8500000238418579,7.239999771118164,-9.529999732971191,-11.444999694824219,-13.359999656677246,0,0,-7.387130791859263,303.88847305057345,0.8600273207063593,213.7118601791551,3.2265578616583967e-35,78912.61295582238,0,0,1,0,1,NA,Simulation,34
1,1,Field,2000-12-30 12:00:00,2000,365,,1,NA,NA,NA,0.23999999463558197,8.920000076293945,-10.65999984741211,-15.414999961853027,-20.170000076293945,0,0,-7.164295081212753,304.10028276942217,0.8593431295773287,213.67243891482013,2.4856071938327474e-35,78912.51305327193,0,0,1,0,1,NA,Simulation,34
1,1,Field,2000-12-31 12:00:00,2000,366,,1,NA,NA,NA,1.5399999618530273,5.239999771118164,-11.90999984741211,-14.635000228881836,-17.360000610351563,0,0,-7.169227471460961,305.6267189056161,0.8586757621273026,213.62438156821233,1.9190678247884913e-35,78912.41665987656,0,0,1,0,1,NA,Simulation,34
1,1,Field,2001-01-01 12:00:00,2001,1,,1,NA,NA,NA,0.47999998927116394,4.800000190734863,-8.329999923706055,-11.505000114440918,-14.680000305175781,0,0,-7.161110446018977,306.07794015942966,0.8580371643903231,213.58241507989706,1.4851357003868148e-35,78912.32348405062,0,0,1,0,1,NA,Simulation,34
1,1,Field,2001-01-02 12:00:00,2001,2,,1,NA,NA,NA,0.10999999940395355,8.920000076293945,-9.100000381469727,-13.045000076293945,-16.989999771118164,0,0,-7.00417024222038,306.14494065255474,0.8574288289703359,213.55196220996993,1.1521637756703165e-35,78912.23334784855,0,0,1,0,1,NA,Simulation,34
1,1,Field,2001-01-03 12:00:00,2001,3,,1,NA,NA,NA,0.25999999046325684,5.440000057220459,-0.2800000011920929,-4.859999790787697,-9.4399995803833,0,0,-6.838527004213725,306.2129694800317,0.8568483196084601,213.53113631654847,8.961696341236006e-36,78912.146115541,0,0,1,0,1,NA,Simulation,34
1,1,Field,2001-01-04 12:00:00,2001,4,,1,NA,NA,NA,6.349999904632568,5.980000019073486,0.8799999952316284,-4.369999945163727,-9.619999885559082,0,0,-6.286646969407558,312.2964662992432,0.8562340375875583,213.4184267020683,6.989412274357641e-36,78912.06226964496,0,0,1,0,1,NA,Simulation,34
1,1,Field,2001-01-05 12:00:00,2001,5,,1,NA,NA,NA,0.09000000357627869,8.9399995803833,0.3499999940395355,-3.1100000888109207,-6.570000171661377,0,0,-5.580904841102191,312.0115800688825,0.8556640628766505,213.3297232250527,5.4664840602179636e-36,78911.98082553875,0,0,1,0,1,NA,Simulation,34
1,1,Field,2001-01-06 12:00:00,2001,6,,1,NA,NA,NA,6.300000190734863,8.949999809265137,0.5899999737739563,-3.05499991774559,-6.699999809265137,0,0,-4.930665200611137,317.9183499038894,0.8550696349008132,213.16051077460338,4.2877565264967136e-36,78911.90231361234,0,0,1,0,1,NA,Simulation,34
1,1,Field,2001-01-07 12:00:00,2001,7,,1,NA,NA,NA,1.9800000190734863,7.119999885559082,-3.2899999618530273,-9.579999923706055,-15.869999885559082,0,0,-4.456330510580272,319.7777316460076,0.854501255000709,212.99635401469922,3.373217288535397e-36,78911.82602199205,0,0,1,0,1,NA,Simulation,34
1,1,Field,2001-01-08 12:00:00,2001,8,,1,NA,NA,NA,0.5299999713897705,8.170000076293945,-4.510000228881836,-10.529999732971191,-16.549999237060547,0,0,-4.370792548127242,320.20200891799146,0.8539699921021914,212.86517558597222,2.661910662029671e-36,78911.75165598986,0,0,1,0,1,NA,Simulation,34
1,1,Field,2001-01-09 12:00:00,2001,9,,1,NA,NA,NA,0.20999999344348907,9.579999923706055,-0.9599999785423279,-8.95500037074089,-16.950000762939453,0,0,-4.535152715909496,320.1536218692071,0.8534747031819017,212.76714598625693,2.1072609241629353e-36,78911.67907197517,0,0,1,0,1,NA,Simulation,34
1,1,Field,2001-01-10 12:00:00,2001,10,,1,NA,NA,NA,0,8.640000343322754,1.2899999618530273,-2.9649999141693115,-7.21999979019165,0,0,-4.612938763117507,319.71961468245263,0.8530136355915939,212.69971897243929,1.6735828284245967e-36,78911.6081606338,0,0,1,0,1,NA,Simulation,34
1,1,Field,2001-01-11 12:00:00,2001,11,,1,NA,NA,NA,2.7300000190734863,3.5999999046325684,0.8199999928474426,0.3449999988079071,-0.12999999523162842,0,0,-4.298036599210191,322.26766307166116,0.8525281793833093,212.60858723094532,1.333476114493472e-36,78911.54046016565,0,0,1,0,1,NA,Simulation,34
1,1,Field,2001-01-12 12:00:00,2001,12,,1,NA,NA,NA,0.3499999940395355,2.1600000858306885,-0.3100000023841858,-3.905000001192093,-7.5,0,0,-3.6998905325686904,322.5395561416016,0.8520890544474291,212.52511139669517,1.0659618009304464e-36,78911.47305483195,0,0,1,0,1,NA,Simulation,34
1,1,Field,2001-01-13 12:00:00,2001,13,,1,NA,NA,NA,3.9800000190734863,5.050000190734863,0.7900000214576721,-2.299999922513962,-5.389999866485596,0,0,-3.221996212204461,326.2839909963796,0.851636926914322,212.3898167789931,8.549124974552756e-37,78911.40748558457,0,0,1,0,1,NA,Simulation,34
1,1,Field,2001-01-14 12:00:00,2001,14,,1,NA,NA,NA,1.5299999713897705,5.909999847412109,1.0499999523162842,-0.39500004053115845,-1.840000033378601,0,0,-2.7544872876649182,327.50843491973745,0.8512040159542246,212.24927663298712,6.878492982717652e-37,78911.3433003459,0,0,1,0,1,NA,Simulation,34
1,1,Field,2001-01-15 12:00:00,2001,15,,1,NA,NA,NA,0.3199999928474426,6.139999866485596,-1.7599999904632568,-4.034999966621399,-6.309999942779541,0,0,-2.284588704359476,327.6600227274607,0.8507981068947857,212.12684460205045,5.551811208463583e-37,78911.28029892815,0,0,1,0,1,NA,Simulation,34
1,1,Field,2001-01-16 12:00:00,2001,16,,1,NA,NA,NA,0.46000000834465027,8.779999732971191,-4.889999866485596,-8.629999876022339,-12.369999885559082,0,0,-2.0795916825782554,328.0061301661084,0.8504124054928495,212.02208475621134,4.495288601816358e-37,78911.21843634613,0,0,1,0,1,NA,Simulation,34
1,1,Field,2001-01-17 12:00:00,2001,17,,1,NA,NA,NA,0.07000000029802322,9.050000190734863,-2.430000066757202,-8.434999823570251,-14.4399995803833,0,0,-2.2785188087214,327.88773016675185,0.8500489234369417,211.9411747834137,3.6515856160049028e-37,78911.15758872835,0,0,1,0,1,NA,Simulation,34
1,1,Field,2001-01-18 12:00:00,2001,18,,1,NA,NA,NA,0.09000000357627869,7.739999771118164,0.029999999329447746,-5.800000057555735,-11.630000114440918,0,0,-2.589291145439112,327.6968736760571,0.8497051929381243,211.88083344390782,2.9757348954455517e-37,78911.09770105156,0,0,1,0,1,NA,Simulation,34
1,1,Field,2001-01-19 12:00:00,2001,19,,1,NA,NA,NA,0.029999999329447746,10.210000038146973,-12.050000190734863,-15.434999942779541,-18.81999969482422,0,0,-2.838099865192303,327.70225718852527,0.8493753431775216,211.83553117377073,2.43301289963616e-37,78911.03877505352,0,0,1,0,1,NA,Simulation,34
1,1,Field,2001-01-20 12:00:00,2001,20,,1,NA,NA,NA,0.019999999552965164,10.619999885559082,-4.71999979019165,-12.865000009536743,-21.010000228881836,0,0,-3.4465333076429308,327.6027751022725,0.8490594505481535,211.80411820993123,1.9964194194263895e-37,78910.98076941371,0,0,1,0,1,NA,Simulation,34
1,1,Field,2001-01-21 12:00:00,2001,21,,1,NA,NA,NA,0.05999999865889549,10.520000457763672,-6.929999828338623,-11.430000066757202,-15.930000305175781,0,0,-4.04426099657574,327.5801032190077,0.8487552204838865,211.78247340981164,1.6441531354318455e-37,78910.92368999016,0,0,1,0,1,NA,Simulation,34
1,1,Field,2001-01-22 12:00:00,2001,22,,1,NA,NA,NA,0.07000000029802322,10.350000381469727,1.8799999952316284,-4.54500013589859,-10.970000267028809,0,0,-4.3966030070529545,327.09658967507187,0.848462415738843,211.7686907111838,1.3590951861979411e-37,78910.86753937665,0,0,1,0,1,NA,Simulation,34
1,1,Field,2001-01-23 12:00:00,2001,23,,1,NA,NA,NA,0,10.930000305175781,0.7300000190734863,-3.890000104904175,-8.510000228881836,0,0,-4.295495752918678,326.6159258223515,0.8481792238593105,211.7602713310472,1.127399920147506e-37,78910.81234104426,0,0,1,0,1,NA,Simulation,34
1,1,Field,2001-01-24 12:00:00,2001,24,,1,NA,NA,NA,0.05999999865889549,10.859999656677246,-6.480000019073486,-11.285000085830688,-16.09000015258789,0,0,-4.044319579106414,326.5823493455747,0.8479053571217279,211.75579176099652,9.387032208054434e-38,78910.75809355736,0,0,1,0,1,NA,Simulation,34
1,1,Field,2001-01-25 12:00:00,2001,25,,1,NA,NA,NA,0.009999999776482582,11.010000228881836,-2.369999885559082,-9.615000247955322,-16.860000610351563,0,0,-4.115206014141218,326.3705786998055,0.847640534614506,211.75430541925786,7.847878070326699e-38,78910.70478459216,0,0,1,0,1,NA,Simulation,34
1,1,Field,2001-01-26 12:00:00,2001,26,,1,NA,NA,NA,1.4800000190734863,6.269999980926514,-0.7599999904632568,-6.765000224113464,-12.770000457763672,0,0,-4.224445452576009,327.6607536200321,0.8473838708522985,211.75293653399004,6.586290599826712e-38,78910.65240817823,0,0,1,0,1,NA,Simulation,34
1,1,Field,2001-01-27 12:00:00,2001,27,,1,NA,NA,NA,0.2800000011920929,11.829999923706055,-1.7300000190734863,-10.260000467300415,-18.790000915527344,0,0,-4.1852566857555535,327.6783511742555,0.8471362560696499,211.7521561130627,5.548896732061189e-38,78910.60094064227,0,0,1,0,1,NA,Simulation,34
1,1,Field,2001-01-28 12:00:00,2001,28,,1,NA,NA,NA,0.6899999976158142,8.180000305175781,-1.4700000286102295,-5.640000224113464,-9.8100004196167,0,0,-4.187923681034957,328.14336244187257,0.8468936646539945,211.74668170243777,4.6931886491054664e-38,78910.55040709386,0,0,1,0,1,NA,Simulation,34
1,1,Field,2001-01-29 12:00:00,2001,29,,1,NA,NA,NA,12.15999984741211,4.25,0.5099999904632568,-1.5499999523162842,-3.609999895095825,0,0,-3.9843618434451913,339.29275723059254,0.8465453503240581,211.57745245266176,3.9817360266185184e-38,78910.50194641345,0,0,1,0,1,NA,Simulation,34
1,1,Field,2001-01-30 12:00:00,2001,30,,1,NA,NA,NA,0.8100000023841858,7.420000076293945,0.5400000214576721,-2.2650000751018524,-5.070000171661377,0,0,-3.5230363923943653,339.7721362314092,0.8462347689213149,211.4061995523172,3.387001155047691e-38,78910.45404761186,0,0,1,0,1,NA,Simulation,34
1,1,Field,2001-01-31 12:00:00,2001,31,,1,NA,NA,NA,0.6700000166893005,11.170000076293945,-0.44999998807907104,-4.189999908208847,-7.929999828338623,0,0,-3.0428534488352335,340.05217963962764,0.8459554057353862,211.2489310726586,2.888934358561676e-38,78910.40673497174,0,0,1,0,1,NA,Simulation,34
1,1,Field,2001-02-01 12:00:00,2001,32,,1,NA,NA,NA,0.10000000149011612,11.899999618530273,-8.5,-14.90999984741211,-21.31999969482422,0,0,-2.872446589283807,340.0935089960868,0.8457013739628075,211.1177305139376,2.4731485563645975e-38,78910.3600197794,0,0,1,0,1,NA,Simulation,34
1,1,Field,2001-02-02 12:00:00,2001,33,,1,NA,NA,NA,0.03999999910593033,11.600000381469727,-13.140000343322754,-19.22499990463257,-25.309999465942383,0,0,-3.358548901198193,340.11576891896584,0.8454673605411105,211.01355988305295,2.1277467190751875e-38,78910.31391303548,0,0,1,0,1,NA,Simulation,34
1,1,Field,2001-02-03 12:00:00,2001,34,,1,NA,NA,NA,0.5099999904632568,8.359999656677246,-3.2699999809265137,-8.879999876022339,-14.489999771118164,0,0,-4.175449292844026,340.4797564120396,0.8452466318617766,210.925990861476,1.838122822299519e-38,78910.26846034906,0,0,1,0,1,NA,Simulation,34
1,1,Field,2001-02-04 12:00:00,2001,35,,1,NA,NA,NA,0.3100000023841858,7.46999979019165,-0.8100000023841858,-4.230000048875809,-7.650000095367432,0,0,-4.4633626395669355,340.54632838323505,0.8450405588737921,210.85280151066053,1.59286948487286e-38,78910.22364371897,0,0,1,0,1,NA,Simulation,34
1,1,Field,2001-02-05 12:00:00,2001,36,,1,NA,NA,NA,0.6200000047683716,7.730000019073486,1.149999976158142,-3.7149999737739563,-8.579999923706055,0,0,-4.201263657415434,340.7965392173106,0.8448454584809786,210.78967310220887,1.3829652387662185e-38,78910.17950205306,0,0,1,0,1,NA,Simulation,34
1,1,Field,2001-02-06 12:00:00,2001,37,,1,NA,NA,NA,0.019999999552965164,11.350000381469727,-0.6499999761581421,-4.779999911785126,-8.90999984741211,0,0,-3.766291186210191,340.4419667124829,0.8446659573445999,210.74401624737777,1.203307129266652e-38,78910.13597783043,0,0,1,0,1,NA,Simulation,34
1,1,Field,2001-02-07 12:00:00,2001,38,,1,NA,NA,NA,1.3700000047683716,5.380000114440918,-0.5400000214576721,-4.329999953508377,-8.119999885559082,0,0,-3.4086513454140284,341.62810337245674,0.8444833351975676,210.69293833497872,1.0492907920740547e-38,78910.09324598809,0,0,1,0,1,NA,Simulation,34
1,1,Field,2001-02-08 12:00:00,2001,39,,1,NA,NA,NA,9.720000267028809,4.340000152587891,0.4699999988079071,-2.6950000673532486,-5.860000133514404,0,0,-3.0831936375371267,350.8810388206251,0.8442196182522065,210.5223431035828,9.16283763423728e-39,78910.05209788778,0,0,1,0,1,NA,Simulation,34
1,1,Field,2001-02-09 12:00:00,2001,40,,1,NA,NA,NA,5.099999904632568,8.800000190734863,-6.369999885559082,-12.91499948501587,-19.459999084472656,0,0,-2.8460987107630094,355.9090052765647,0.843933434901311,210.30502920266758,8.021527037366517e-39,78910.01189412264,0,0,1,0,1,NA,Simulation,34
1,1,Field,2001-02-10 12:00:00,2001,41,,1,NA,NA,NA,0.05000000074505806,13.539999961853027,-10.989999771118164,-17.505000114440918,-24.020000457763672,0,0,-3.1023714248503524,355.9235032188566,0.8436892524269338,210.1161541208726,7.057844674315917e-39,78909.971957212,0,0,1,0,1,NA,Simulation,34
1,1,Field,2001-02-11 12:00:00,2001,42,,1,NA,NA,NA,2.2100000381469727,9.869999885559082,-5.869999885559082,-13.389999866485596,-20.90999984741211,0,0,-3.7643018578792997,358.0465256947363,0.8434548541668684,209.92943332368546,6.238475155087848e-39,78909.93262022201,0,0,1,0,1,NA,Simulation,34
1,1,Field,2001-02-12 12:00:00,2001,43,,1,NA,NA,NA,0.6499999761581421,9.449999809265137,-0.3199999928474426,-6.765000015497208,-13.210000038146973,0,0,-4.268001628766109,358.38568223398204,0.8432473484156254,209.75945473525323,5.531390752141133e-39,78909.89368373001,0,0,1,0,1,NA,Simulation,34
1,1,Field,2001-02-13 12:00:00,2001,44,,1,NA,NA,NA,1.1799999475479126,3.869999885559082,0.8700000047683716,-2.9699999690055847,-6.809999942779541,0,0,-4.270849115209965,359.3860277455593,0.8430535624150454,209.59793867857908,4.906138470798406e-39,78909.85527095986,0,0,1,0,1,NA,Simulation,34
1,1,Field,2001-02-14 12:00:00,2001,45,,1,NA,NA,NA,2.0999999046325684,6.590000152587891,-2.5999999046325684,-9.414999723434448,-16.229999542236328,0,0,-3.9894129265341043,361.35797390691914,0.8428613278955803,209.43531302723693,4.3562403111461506e-39,78909.81749655707,0,0,1,0,1,NA,Simulation,34
1,1,Field,2001-02-15 12:00:00,2001,46,,1,NA,NA,NA,0.6200000047683716,10.069999694824219,-4.559999942779541,-11.580000162124634,-18.600000381469727,0,0,-3.8752366329878787,361.85441144883913,0.8426863015156683,209.2908618962215,3.8810956678367557e-39,78909.78017989769,0,0,1,0,1,NA,Simulation,34
1,1,Field,2001-02-16 12:00:00,2001,47,,1,NA,NA,NA,0.7799999713897705,14.819999694824219,-9.930000305175781,-13.239999771118164,-16.549999237060547,0,0,-4.009592403205718,362.57406793937184,0.8425226642513104,209.16172570577191,3.4719069579127763e-39,78909.74336219554,0,0,1,0,1,NA,Simulation,34
1,1,Field,2001-02-17 12:00:00,2001,48,,1,NA,NA,NA,0.6899999976158142,13.680000305175781,-10.9399995803833,-17.44999933242798,-23.959999084472656,0,0,-4.359451424970331,363.22772179846896,0.8423692523850626,209.04781552487196,3.122179177932631e-39,78909.70704107342,0,0,1,0,1,NA,Simulation,34
1,1,Field,2001-02-18 12:00:00,2001,49,,1,NA,NA,NA,0.1899999976158142,14.460000038146973,-0.5400000214576721,-9.8200002014637,-19.100000381469727,0,0,-4.897092155560548,363.0089018081905,0.8422347666245145,208.95438299342206,2.819338997769976e-39,78909.67111885615,0,0,1,0,1,NA,Simulation,34
1,1,Field,2001-02-19 12:00:00,2001,50,,1,NA,NA,NA,0.6600000262260437,14.09000015258789,0.4399999976158142,-2.964999943971634,-6.369999885559082,0,0,-5.0403194286563195,363.0653804685154,0.8421134041309953,208.8754146911811,2.549007008662438e-39,78909.63565597186,0,0,1,0,1,NA,Simulation,34
1,1,Field,2001-02-20 12:00:00,2001,51,,1,NA,NA,NA,0.6100000143051147,14.979999542236328,-3.740000009536743,-10.18000042438507,-16.6200008392334,0,0,-4.742506358344624,363.447803824096,0.841994602748697,208.80601424289875,2.304513873080464e-39,78909.6008407364,0,0,1,0,1,NA,Simulation,34
1,1,Field,2001-02-21 12:00:00,2001,52,,1,NA,NA,NA,0.44999998807907104,12.869999885559082,-10.649999618530273,-16.28499984741211,-21.920000076293945,0,0,-4.645206634035362,363.8590022692278,0.8418749085904627,208.7450296302124,2.096212489544973e-39,78909.56674980899,0,0,1,0,1,NA,Simulation,34
1,1,Field,2001-02-22 12:00:00,2001,53,,1,NA,NA,NA,0.019999999552965164,15.149999618530273,-0.3100000023841858,-7.285000115633011,-14.260000228881836,0,0,-4.9035918400071266,363.3885542021349,0.8417674303173183,208.69878353365385,1.9159164186392153e-39,78909.53318605071,0,0,1,0,1,NA,Simulation,34
1,1,Field,2001-02-23 12:00:00,2001,54,,1,NA,NA,NA,1.0199999809265137,14.34000015258789,-3.9200000762939453,-9.769999980926514,-15.619999885559082,0,0,-4.912900558014106,364.1945830312485,0.841657235355005,208.65395925181255,1.7518654917727922e-39,78909.50026301906,0,0,1,0,1,NA,Simulation,34
1,1,Field,2001-02-24 12:00:00,2001,55,,1,NA,NA,NA,9.100000381469727,6.599999904632568,4.130000114440918,-0.009999990463256836,-4.150000095367432,0,0,-4.7504630104304155,372.4982482939791,0.8414740575219379,208.53145136295205,1.598688415176813e-39,78909.46870353217,0,0,1,0,1,NA,Simulation,34
1,1,Field,2001-02-25 12:00:00,2001,56,,1,NA,NA,NA,1.159999966621399,12.680000305175781,-0.12999999523162842,-3.6800000071525574,-7.230000019073486,0,0,-4.215032892543203,373.1806694660126,0.8413144569607373,208.4037383129925,1.45071523627021e-39,78909.4374964977,0,0,1,0,1,NA,Simulation,34
1,1,Field,2001-02-26 12:00:00,2001,57,,1,NA,NA,NA,1.2300000190734863,11.0600004196167,1.6699999570846558,-4.0149999260902405,-9.699999809265137,0,0,-3.6585608671789656,373.8326738205785,0.841173270709729,208.27910970504658,1.3145655534740116e-39,78909.40667822675,0,0,1,0,1,NA,Simulation,34
1,1,Field,2001-02-27 12:00:00,2001,58,,1,NA,NA,NA,0.6899999976158142,10.539999961853027,-8.970000267028809,-13.299999713897705,-17.6299991607666,0,0,-3.310884876869178,374.4712149211897,0.8410382216236203,208.1624705193778,1.1944361118792062e-39,78909.37641409026,0,0,1,0,1,NA,Simulation,34
1,1,Field,2001-02-28 12:00:00,2001,59,,1,NA,NA,NA,0.17000000178813934,17.8799991607666,0.8600000143051147,-8.745000183582306,-18.350000381469727,0,0,-3.43963431782747,373.95557896711006,0.8409191723150885,208.06554291073198,1.0911821244150916e-39,78909.34658718895,0,0,1,0,1,NA,Simulation,34
1,1,Field,2001-03-01 12:00:00,2001,60,,1,NA,NA,NA,0.2199999988079071,8.640000343322754,1.6299999952316284,-5.040000021457672,-11.710000038146973,0,0,-3.5248416024242384,373.7415013733547,0.840808802381941,207.98456079022176,9.957370293757536e-40,78909.3172233225,0,0,1,0,1,NA,Simulation,34
1,1,Field,2001-03-02 12:00:00,2001,61,,1,NA,NA,NA,0.05000000074505806,17.420000076293945,4.199999809265137,-1.315000057220459,-6.829999923706055,0,0,-3.3508317610345735,371.9991867340563,0.8406981893426506,207.91363755916777,9.043231495245935e-40,78909.2883403346,0,0,1,0,1,NA,Simulation,34
1,1,Field,2001-03-03 12:00:00,2001,62,,1,NA,NA,NA,0.07000000029802322,17.969999313354492,6.260000228881836,-0.929999828338623,-8.119999885559082,0,0,-2.941974818308901,369.30565904776853,0.8405809408360092,207.848942183461,8.176725738158755e-40,78909.25996609734,0,0,1,0,1,NA,Simulation,34
1,1,Field,2001-03-04 12:00:00,2001,63,,1,NA,NA,NA,0,18.200000762939453,0.7900000214576721,-3.3949999511241913,-7.579999923706055,0,0,-2.5035290060007096,367.92649041569683,0.8404610256316272,207.78996885425505,7.371835776989913e-40,78909.2320253375,0,0,1,0,1,NA,Simulation,34
1,1,Field,2001-03-05 12:00:00,2001,64,,1,NA,NA,NA,0,17.860000610351563,-0.019999999552965164,-5.4550001714378595,-10.890000343322754,0,0,-2.178206498424016,366.6027588386722,0.8403419339751684,207.73642190331543,6.643690948282543e-40,78909.20444723012,0,0,1,0,1,NA,Simulation,34
1,1,Field,2001-03-06 12:00:00,2001,65,,1,NA,NA,NA,0,18.440000534057617,1.7599999904632568,-5.020000100135803,-11.800000190734863,0,0,-2.033027926443215,364.8971404981609,0.8402266459080713,207.68859398098405,5.9915607025185e-40,78909.17716776115,0,0,1,0,1,NA,Simulation,34
1,1,Field,2001-03-07 12:00:00,2001,66,,1,NA,NA,NA,0.009999999776482582,8.460000038146973,2.1700000762939453,-3.2799997329711914,-8.729999542236328,0,0,-1.923132594024936,363.6067782216379,0.8401175164071566,207.64586041472273,5.396216208923231e-40,78909.15013359897,0,0,1,0,1,NA,Simulation,34
1,1,Field,2001-03-08 12:00:00,2001,67,,1,NA,NA,NA,0,11.34000015258789,0.47999998927116394,-3.515000119805336,-7.510000228881836,0,0,-1.7532145110100936,362.30283968673007,0.8400162236372574,207.60588354890317,4.845958791765354e-40,78909.12330323132,0,0,1,0,1,NA,Simulation,34
1,1,Field,2001-03-09 12:00:00,2001,68,,1,NA,NA,NA,0.009999999776482582,16.079999923706055,3.2100000381469727,-2.9499998092651367,-9.109999656677246,0,0,-1.5588891152625326,360.42232578447863,0.8399240365548972,207.56883575870177,4.344678046716693e-40,78909.0966418053,0,0,1,0,1,NA,Simulation,34
1,1,Field,2001-03-10 12:00:00,2001,69,,1,NA,NA,NA,0.33000001311302185,6.849999904632568,8.569999694824219,2.494999885559082,-3.5799999237060547,0,0,-1.3198958556210474,358.9655890693418,0.8392443453493873,207.5348723018863,3.878718809924504e-40,78909.10411921312,0,0,1,0,1,NA,Simulation,34
1,1,Field,2001-03-11 12:00:00,2001,70,,1,NA,NA,NA,3.2699999809265137,16.420000076293945,4.650000095367432,-2.2899997234344482,-9.229999542236328,0,0,-0.947392210879524,359.91075882343245,0.8390171545791217,207.503989030917,3.448603805424379e-40,78909.08042900356,0,0,1,0,1,NA,Simulation,34
1,1,Field,2001-03-12 12:00:00,2001,71,,1,NA,NA,NA,6.429999828338623,7.329999923706055,3.3299999237060547,0.04499995708465576,-3.240000009536743,0,0,-0.6743616706568625,365.0606494419403,0.8387894555287531,207.47632080065915,3.063095124199813e-40,78909.05703867118,0,0,1,0,1,NA,Simulation,34
1,1,Field,2001-03-13 12:00:00,2001,72,,1,NA,NA,NA,0.5400000214576721,5.21999979019165,6.369999885559082,1.7999999523162842,-2.7699999809265137,0,0,-0.41547930999841104,364.2313853291097,0.8381052534487529,207.45136756722385,2.7099649631736687e-40,78909.06554995185,0,0,1,0,1,NA,Simulation,34
1,1,Field,2001-03-14 12:00:00,2001,73,,1,NA,NA,NA,1.2000000476837158,13.239999771118164,15.789999961853027,7.3549999594688416,-1.0800000429153442,1.4410952979885043,0,-0.050678014701928745,362.62045840369547,0.8296873770738109,207.42791946220328,2.3802543048684415e-40,78909.56036724833,0,0,1,0,1,NA,Simulation,34
1,1,Field,2001-03-15 12:00:00,2001,74,,1,NA,NA,NA,4.159999847412109,6.739999771118164,4.789999961853027,2.3899999810382724,-0.009999999776482582,0,0,0.5955750243574399,365.52140634852555,0.8312475045165377,207.3879908694191,2.076150376983741e-40,78909.546943721,0,0,1,0,1,NA,Simulation,34
1,1,Field,2001-03-16 12:00:00,2001,75,,1,NA,NA,NA,2.7699999809265137,8.460000038146973,2.119999885559082,-0.5500000715255737,-3.2200000286102295,0,0,1.0183203665156002,367.3130570005539,0.8326851513318684,207.322350600474,1.8108485460903632e-40,78909.4922000572,0,0,1,0,1,NA,Simulation,34
1,1,Field,2001-03-17 12:00:00,2001,76,,1,NA,NA,NA,0.09000000357627869,20.649999618530273,6.989999771118164,0.5749998092651367,-5.840000152587891,0,0,1.1638841887516427,364.1704742140006,0.8335671086762251,207.2774179937069,1.5801329500091324e-40,78909.45091327246,0,0,1,0,1,NA,Simulation,34
1,1,Field,2001-03-18 12:00:00,2001,77,,1,NA,NA,NA,0.009999999776482582,16.90999984741211,6.110000133514404,0.27500009536743164,-5.559999942779541,0,0,1.225815586583333,361.5351263596459,0.8341672273000812,207.2408117244508,1.378242200706889e-40,78909.41245274291,0,0,1,0,1,NA,Simulation,34
1,1,Field,2001-03-19 12:00:00,2001,78,,1,NA,NA,NA,0.019999999552965164,16.68000030517578,10.600000381469727,4.215000152587891,-2.1700000762939453,0.02719235846996293,0,1.2728589451869436,358.67213764301243,0.8332092088772082,207.21454391837423,1.1989898793065938e-40,78909.48074648019,0,0,1,0,1,NA,Simulation,34
1,1,Field,2001-03-20 12:00:00,2001,79,,1,NA,NA,NA,0,18.940000534057617,12.569999694824219,4.429999828338623,-3.7100000381469727,0.3989104277014732,0,1.5105788061790844,356.1932444105925,0.8346824261552618,207.19855315609908,1.037805952424457e-40,79015.27930981257,0,0,1,0,1,NA,Simulation,34
1,1,Field,2001-03-21 12:00:00,2001,80,,1,NA,NA,NA,0.07999999821186066,15.260000228881836,14.529999732971191,6.894999861717224,-0.7400000095367432,1.0378452235087752,0,1.8981839613995928,353.4077908114882,0.8372728537479915,207.1866456338814,8.936090856124645e-41,79015.18500878524,0,0,1,0,1,NA,Simulation,34
1,1,Field,2001-03-22 12:00:00,2001,81,,1,NA,NA,NA,0.07999999821186066,12.510000228881836,12.819999694824219,5.5249998569488525,-1.7699999809265137,0.4866970535576345,0,2.3867680524371857,351.40524708566033,0.842849308818228,207.17851968752194,7.655654576708243e-41,79014.95536975218,0,0,1,0,1,NA,Simulation,34
1,1,Field,2001-03-23 12:00:00,2001,82,,1,NA,NA,NA,1.840000033378601,11.470000267028809,6.869999885559082,0.7749998569488525,-5.320000171661377,0,0,2.7915733750553042,351.38073537411,0.8481750594211396,207.17145771463072,6.550796004088236e-41,79014.71486408956,0,0,1,0,1,NA,Simulation,34
1,1,Field,2001-03-24 12:00:00,2001,83,,1,NA,NA,NA,0,17.709999084472656,0.4699999988079071,-3.8900000005960464,-8.25,0,0,2.8404983117179885,350.38347583728637,0.8504856036276554,207.16347088276692,5.620230087975675e-41,79014.58620921809,0,0,1,0,1,NA,Simulation,34
1,1,Field,2001-03-25 12:00:00,2001,84,,1,NA,NA,NA,0.07000000029802322,19.709999084472656,-2.569999933242798,-5.589999794960022,-8.609999656677246,0,0,2.559338314897413,349.7748050677797,0.8509788139840541,207.15520090306222,4.839183325961259e-41,79014.52667488386,0,0,1,0,1,NA,Simulation,34
1,1,Field,2001-03-26 12:00:00,2001,85,,1,NA,NA,NA,0,21.149999618530273,2.450000047683716,-4.200000166893005,-10.850000381469727,0,0,2.1279939523372153,348.40945427850863,0.8509953877154959,207.1475895947512,4.177529441648942e-41,79014.48671808657,0,0,1,0,1,NA,Simulation,34
1,1,Field,2001-03-27 12:00:00,2001,86,,1,NA,NA,NA,0.6899999976158142,22.239999771118164,6.550000190734863,-0.4699997901916504,-7.489999771118164,0,0,1.8156211109412768,347.2139653379379,0.8511729965980517,207.1412205317835,3.6042386031568776e-41,79014.44180862914,0,0,1,0,1,NA,Simulation,34
1,1,Field,2001-03-28 12:00:00,2001,87,,1,NA,NA,NA,1.5,9.8100004196167,5.070000171661377,1.8350000977516174,-1.399999976158142,0,0,1.823853612295734,347.1339069097534,0.8521218116364628,207.13659291380782,3.100483380553019e-41,79014.36786902846,0,0,1,0,1,NA,Simulation,34
